1.879E-03 1.575E-03
0.000E+00 1.420E-02
0.000E+00 7.749E-03
0.000E+00 1.483E-02
1.304E-01 2.667E-02
3.333E-01 7.463E-02
1.429E-01 0.000E+00
1.667E-01 2.550E-02
4.651E-02 0.000E+00
4.632E-02 9.172E-02
2.985E-01 4.082E-02
2.222E-01 1.000E+00
1.452E-01 2.000E-01
4.898E-01 3.333E-01
0.000E+00 1.575E-02
8.065E-02 0.000E+00
9.450E-02 1.502E-01
1.806E-01 3.704E-02
3.077E-01 0.000E+00
1.429E-01 2.336E-01
5.217E-01 0.000E+00
0.000E+00 1.020E-01
1.111E-01 0.000E+00
2.041E-01 2.042E-01
2.581E-01 1.176E-01
3.000E-01 1.000E+00
1.449E-01 4.262E-01
9.083E-01 0.000E+00
5.236E-03 1.796E-02
1.087E-02 8.333E-02
2.553E-03 2.835E-03
0.000E+00 4.144E-03
0.000E+00 1.648E-02
1.111E-01 2.826E-02
0.000E+00 0.000E+00
0.000E+00 3.922E-02
0.000E+00 1.235E-02
0.000E+00 4.647E-02
3.774E-02 1.364E-01
2.975E-02 5.567E-02
2.685E-01 1.786E-02
1.200E-01 1.111E-01
1.892E-01 2.329E-01
5.246E-01 0.000E+00
0.000E+00 9.709E-03
1.389E-02 1.429E-01
5.682E-02 1.128E-01
2.424E-01 5.405E-02
2.778E-02 5.556E-01
8.929E-02 2.667E-01
5.379E-01 0.000E+00
0.000E+00 5.882E-02
0.000E+00 6.667E-01
0.000E+00 0.000E+00
0.000E+00 1.111E-01
4.000E-01 9.231E-01
1.154E-01 3.125E-01
9.728E-01 1.502E-02
8.163E-03 2.052E-02
0.000E+00 7.317E-02
1.879E-03 1.575E-03
0.000E+00 1.420E-02
0.000E+00 7.749E-03
0.000E+00 1.483E-02
1.304E-01 2.667E-02
3.333E-01 7.463E-02
1.429E-01 0.000E+00
1.667E-01 2.550E-02
4.651E-02 0.000E+00
4.632E-02 9.172E-02
2.985E-01 4.082E-02
2.222E-01 1.000E+00
1.452E-01 2.000E-01
4.898E-01 3.333E-01
0.000E+00 1.575E-02
8.065E-02 0.000E+00
9.450E-02 1.502E-01
1.806E-01 3.704E-02
3.077E-01 0.000E+00
1.429E-01 2.336E-01
5.217E-01 0.000E+00
0.000E+00 1.020E-01
1.111E-01 0.000E+00
2.041E-01 2.042E-01
2.581E-01 1.176E-01
3.000E-01 1.000E+00
1.449E-01 4.262E-01
9.083E-01 0.000E+00
5.236E-03 1.796E-02
1.087E-02 8.333E-02
2.553E-03 2.835E-03
0.000E+00 4.144E-03
0.000E+00 1.648E-02
1.111E-01 2.826E-02
0.000E+00 0.000E+00
0.000E+00 3.922E-02
0.000E+00 1.235E-02
0.000E+00 4.647E-02
3.774E-02 1.364E-01
2.975E-02 5.567E-02
2.685E-01 1.786E-02
1.200E-01 1.111E-01
1.892E-01 2.329E-01
5.246E-01 0.000E+00
0.000E+00 9.709E-03
1.389E-02 1.429E-01
5.682E-02 1.128E-01
2.424E-01 5.405E-02
2.778E-02 5.556E-01
8.929E-02 2.667E-01
5.379E-01 0.000E+00
0.000E+00 5.882E-02
0.000E+00 6.667E-01
0.000E+00 0.000E+00
0.000E+00 1.111E-01
4.000E-01 9.231E-01
1.154E-01 3.125E-01
9.728E-01 1.502E-02
8.163E-03 2.052E-02
0.000E+00 7.317E-02
1.879E-03 1.575E-03
0.000E+00 1.420E-02
0.000E+00 7.749E-03
0.000E+00 1.483E-02
1.304E-01 2.667E-02
3.333E-01 7.463E-02
1.429E-01 0.000E+00
1.667E-01 2.550E-02
4.651E-02 0.000E+00
4.632E-02 9.172E-02
2.985E-01 4.082E-02
2.222E-01 1.000E+00
1.452E-01 2.000E-01
4.898E-01 3.333E-01
0.000E+00 1.575E-02
8.065E-02 0.000E+00
9.450E-02 1.502E-01
1.806E-01 3.704E-02
3.077E-01 0.000E+00
1.429E-01 2.336E-01
5.217E-01 0.000E+00
0.000E+00 1.020E-01
1.111E-01 0.000E+00
2.041E-01 2.042E-01
2.581E-01 1.176E-01
3.000E-01 1.000E+00
1.449E-01 4.262E-01
9.083E-01 0.000E+00
5.236E-03 1.796E-02
1.087E-02 8.333E-02
2.553E-03 2.835E-03
0.000E+00 4.144E-03
0.000E+00 1.648E-02
1.111E-01 2.826E-02
0.000E+00 0.000E+00
0.000E+00 3.922E-02
0.000E+00 1.235E-02
0.000E+00 4.647E-02
3.774E-02 1.364E-01
2.975E-02 5.567E-02
2.685E-01 1.786E-02
1.200E-01 1.111E-01
1.892E-01 2.329E-01
5.246E-01 0.000E+00
0.000E+00 9.709E-03
1.389E-02 1.429E-01
5.682E-02 1.128E-01
2.424E-01 5.405E-02
2.778E-02 5.556E-01
8.929E-02 2.667E-01
5.379E-01 0.000E+00
0.000E+00 5.882E-02
0.000E+00 6.667E-01
0.000E+00 0.000E+00
0.000E+00 1.111E-01
4.000E-01 9.231E-01
1.154E-01 3.125E-01
9.728E-01 1.502E-02
8.163E-03 2.052E-02
0.000E+00 7.317E-02
1.879E-03 1.575E-03
0.000E+00 1.420E-02
0.000E+00 7.749E-03
0.000E+00 1.483E-02
1.304E-01 2.667E-02
3.333E-01 7.463E-02
1.429E-01 0.000E+00
1.667E-01 2.550E-02
4.651E-02 0.000E+00
4.632E-02 9.172E-02
2.985E-01 4.082E-02
2.222E-01 1.000E+00
1.452E-01 2.000E-01
4.898E-01 3.333E-01
0.000E+00 1.575E-02
8.065E-02 0.000E+00
9.450E-02 1.502E-01
1.806E-01 3.704E-02
3.077E-01 0.000E+00
1.429E-01 2.336E-01
5.217E-01 0.000E+00
0.000E+00 1.020E-01
1.111E-01 0.000E+00
2.041E-01 2.042E-01
2.581E-01 1.176E-01
3.000E-01 1.000E+00
1.449E-01 4.262E-01
9.083E-01 0.000E+00
5.236E-03 1.796E-02
1.087E-02 8.333E-02
2.553E-03 2.835E-03
0.000E+00 4.144E-03
0.000E+00 1.648E-02
1.111E-01 2.826E-02
0.000E+00 0.000E+00
0.000E+00 3.922E-02
0.000E+00 1.235E-02
0.000E+00 4.647E-02
3.774E-02 1.364E-01
2.975E-02 5.567E-02
2.685E-01 1.786E-02
1.200E-01 1.111E-01
1.892E-01 2.329E-01
5.246E-01 0.000E+00
0.000E+00 9.709E-03
1.389E-02 1.429E-01
5.682E-02 1.128E-01
2.424E-01 5.405E-02
2.778E-02 5.556E-01
8.929E-02 2.667E-01
5.379E-01 0.000E+00
0.000E+00 5.882E-02
0.000E+00 6.667E-01
0.000E+00 0.000E+00
0.000E+00 1.111E-01
4.000E-01 9.231E-01
1.154E-01 3.125E-01
9.728E-01 1.502E-02
8.163E-03 2.052E-02
0.000E+00 7.317E-02
1.879E-03 1.575E-03
0.000E+00 1.420E-02
0.000E+00 7.749E-03
0.000E+00 1.483E-02
1.304E-01 2.667E-02
3.333E-01 7.463E-02
1.429E-01 0.000E+00
1.667E-01 2.550E-02
4.651E-02 0.000E+00
4.632E-02 9.172E-02
2.985E-01 4.082E-02
2.222E-01 1.000E+00
1.452E-01 2.000E-01
4.898E-01 3.333E-01
0.000E+00 1.575E-02
8.065E-02 0.000E+00
9.450E-02 1.502E-01
1.806E-01 3.704E-02
3.077E-01 0.000E+00
1.429E-01 2.336E-01
5.217E-01 0.000E+00
0.000E+00 1.020E-01
1.111E-01 0.000E+00
2.041E-01 2.042E-01
2.581E-01 1.176E-01
3.000E-01 1.000E+00
1.449E-01 4.262E-01
9.083E-01 0.000E+00
5.236E-03 1.796E-02
1.087E-02 8.333E-02
2.553E-03 2.835E-03
0.000E+00 4.144E-03
0.000E+00 1.648E-02
1.111E-01 2.826E-02
0.000E+00 0.000E+00
0.000E+00 3.922E-02
0.000E+00 1.235E-02
0.000E+00 4.647E-02
3.774E-02 1.364E-01
2.975E-02 5.567E-02
2.685E-01 1.786E-02
1.200E-01 1.111E-01
1.892E-01 2.329E-01
5.246E-01 0.000E+00
0.000E+00 9.709E-03
1.389E-02 1.429E-01
5.682E-02 1.128E-01
2.424E-01 5.405E-02
2.778E-02 5.556E-01
8.929E-02 2.667E-01
5.379E-01 0.000E+00
0.000E+00 5.882E-02
0.000E+00 6.667E-01
0.000E+00 0.000E+00
0.000E+00 1.111E-01
4.000E-01 9.231E-01
1.154E-01 3.125E-01
9.728E-01 1.502E-02
8.163E-03 2.052E-02
0.000E+00 7.317E-02
1.879E-03 1.575E-03
0.000E+00 1.420E-02
0.000E+00 7.749E-03
0.000E+00 1.483E-02
1.304E-01 2.667E-02
3.333E-01 7.463E-02
1.429E-01 0.000E+00
1.667E-01 2.550E-02
4.651E-02 0.000E+00
4.632E-02 9.172E-02
2.985E-01 4.082E-02
2.222E-01 1.000E+00
1.452E-01 2.000E-01
4.898E-01 3.333E-01
0.000E+00 1.575E-02
8.065E-02 0.000E+00
9.450E-02 1.502E-01
1.806E-01 3.704E-02
3.077E-01 0.000E+00
1.429E-01 2.336E-01
5.217E-01 0.000E+00
0.000E+00 1.020E-01
1.111E-01 0.000E+00
2.041E-01 2.042E-01
2.581E-01 1.176E-01
3.000E-01 1.000E+00
1.449E-01 4.262E-01
9.083E-01 0.000E+00
5.236E-03 1.796E-02
1.087E-02 8.333E-02
2.553E-03 2.835E-03
0.000E+00 4.144E-03
0.000E+00 1.648E-02
1.111E-01 2.826E-02
0.000E+00 0.000E+00
0.000E+00 3.922E-02
0.000E+00 1.235E-02
0.000E+00 4.647E-02
3.774E-02 1.364E-01
2.975E-02 5.567E-02
2.685E-01 1.786E-02
1.200E-01 1.111E-01
1.892E-01 2.329E-01
5.246E-01 0.000E+00
0.000E+00 9.709E-03
1.389E-02 1.429E-01
5.682E-02 1.128E-01
2.424E-01 5.405E-02
2.778E-02 5.556E-01
8.929E-02 2.667E-01
5.379E-01 0.000E+00
0.000E+00 5.882E-02
0.000E+00 6.667E-01
0.000E+00 0.000E+00
0.000E+00 1.111E-01
4.000E-01 9.231E-01
1.154E-01 3.125E-01
9.728E-01 1.502E-02
8.163E-03 2.052E-02
0.000E+00 7.317E-02
1.879E-03 1.575E-03
0.000E+00 1.420E-02
0.000E+00 7.749E-03
0.000E+00 1.483E-02
1.304E-01 2.667E-02
3.333E-01 7.463E-02
1.429E-01 0.000E+00
1.667E-01 2.550E-02
4.651E-02 0.000E+00
4.632E-02 9.172E-02
2.985E-01 4.082E-02
2.222E-01 1.000E+00
1.452E-01 2.000E-01
4.898E-01 3.333E-01
0.000E+00 1.575E-02
8.065E-02 0.000E+00
9.450E-02 1.502E-01
1.806E-01 3.704E-02
3.077E-01 0.000E+00
1.429E-01 2.336E-01
5.217E-01 0.000E+00
0.000E+00 1.020E-01
1.111E-01 0.000E+00
2.041E-01 2.042E-01
2.581E-01 1.176E-01
3.000E-01 1.000E+00
1.449E-01 4.262E-01
9.083E-01 0.000E+00
5.236E-03 1.796E-02
1.087E-02 8.333E-02
2.553E-03 2.835E-03
0.000E+00 4.144E-03
0.000E+00 1.648E-02
1.111E-01 2.826E-02
0.000E+00 0.000E+00
0.000E+00 3.922E-02
0.000E+00 1.235E-02
0.000E+00 4.647E-02
3.774E-02 1.364E-01
2.975E-02 5.567E-02
2.685E-01 1.786E-02
1.200E-01 1.111E-01
1.892E-01 2.329E-01
5.246E-01 0.000E+00
0.000E+00 9.709E-03
1.389E-02 1.429E-01
5.682E-02 1.128E-01
2.424E-01 5.405E-02
2.778E-02 5.556E-01
8.929E-02 2.667E-01
5.379E-01 0.000E+00
0.000E+00 5.882E-02
0.000E+00 6.667E-01
0.000E+00 0.000E+00
0.000E+00 1.111E-01
4.000E-01 9.231E-01
1.154E-01 3.125E-01
9.728E-01 1.502E-02
8.163E-03 2.052E-02
0.000E+00 7.317E-02
1.879E-03 1.575E-03
0.000E+00 1.420E-02
0.000E+00 7.749E-03
0.000E+00 1.483E-02
1.304E-01 2.667E-02
3.333E-01 7.463E-02
1.429E-01 0.000E+00
1.667E-01 2.550E-02
4.651E-02 0.000E+00
4.632E-02 9.172E-02
2.985E-01 4.082E-02
2.222E-01 1.000E+00
1.452E-01 2.000E-01
4.898E-01 3.333E-01
0.000E+00 1.575E-02
8.065E-02 0.000E+00
9.450E-02 1.502E-01
1.806E-01 3.704E-02
3.077E-01 0.000E+00
1.429E-01 2.336E-01
5.217E-01 0.000E+00
0.000E+00 1.020E-01
1.111E-01 0.000E+00
2.041E-01 2.042E-01
2.581E-01 1.176E-01
3.000E-01 1.000E+00
1.449E-01 4.262E-01
9.083E-01 0.000E+00
5.236E-03 1.796E-02
1.087E-02 8.333E-02
2.553E-03 2.835E-03
0.000E+00 4.144E-03
0.000E+00 1.648E-02
1.111E-01 2.826E-02
0.000E+00 0.000E+00
0.000E+00 3.922E-02
0.000E+00 1.235E-02
0.000E+00 4.647E-02
3.774E-02 1.364E-01
2.975E-02 5.567E-02
2.685E-01 1.786E-02
1.200E-01 1.111E-01
1.892E-01 2.329E-01
5.246E-01 0.000E+00
0.000E+00 9.709E-03
1.389E-02 1.429E-01
5.682E-02 1.128E-01
2.424E-01 5.405E-02
2.778E-02 5.556E-01
8.929E-02 2.667E-01
5.379E-01 0.000E+00
0.000E+00 5.882E-02
0.000E+00 6.667E-01
0.000E+00 0.000E+00
0.000E+00 1.111E-01
4.000E-01 9.231E-01
1.154E-01 3.125E-01
9.728E-01 1.502E-02
8.163E-03 2.052E-02
0.000E+00 7.317E-02
1.879E-03 1.575E-03
0.000E+00 1.420E-02
0.000E+00 7.749E-03
0.000E+00 1.483E-02
1.304E-01 2.667E-02
3.333E-01 7.463E-02
1.429E-01 0.000E+00
1.667E-01 2.550E-02
4.651E-02 0.000E+00
4.632E-02 9.172E-02
2.985E-01 4.082E-02
2.222E-01 1.000E+00
1.452E-01 2.000E-01
4.898E-01 3.333E-01
0.000E+00 1.575E-02
8.065E-02 0.000E+00
9.450E-02 1.502E-01
1.806E-01 3.704E-02
3.077E-01 0.000E+00
1.429E-01 2.336E-01
5.217E-01 0.000E+00
0.000E+00 1.020E-01
1.111E-01 0.000E+00
2.041E-01 2.042E-01
2.581E-01 1.176E-01
3.000E-01 1.000E+00
1.449E-01 4.262E-01
9.083E-01 0.000E+00
5.236E-03 1.796E-02
1.087E-02 8.333E-02
2.553E-03 2.835E-03
0.000E+00 4.144E-03
0.000E+00 1.648E-02
1.111E-01 2.826E-02
0.000E+00 0.000E+00
0.000E+00 3.922E-02
0.000E+00 1.235E-02
0.000E+00 4.647E-02
3.774E-02 1.364E-01
2.975E-02 5.567E-02
2.685E-01 1.786E-02
1.200E-01 1.111E-01
1.892E-01 2.329E-01
5.246E-01 0.000E+00
0.000E+00 9.709E-03
1.389E-02 1.429E-01
5.682E-02 1.128E-01
2.424E-01 5.405E-02
2.778E-02 5.556E-01
8.929E-02 2.667E-01
5.379E-01 0.000E+00
0.000E+00 5.882E-02
0.000E+00 6.667E-01
0.000E+00 0.000E+00
0.000E+00 1.111E-01
4.000E-01 9.231E-01
1.154E-01 3.125E-01
9.728E-01 1.502E-02
8.163E-03 2.052E-02
0.000E+00 7.317E-02
1.879E-03 1.575E-03
0.000E+00 1.420E-02
0.000E+00 7.749E-03
0.000E+00 1.483E-02
1.304E-01 2.667E-02
3.333E-01 7.463E-02
1.429E-01 0.000E+00
1.667E-01 2.550E-02
4.651E-02 0.000E+00
4.632E-02 9.172E-02
2.985E-01 4.082E-02
2.222E-01 1.000E+00
1.452E-01 2.000E-01
4.898E-01 3.333E-01
0.000E+00 1.575E-02
8.065E-02 0.000E+00
9.450E-02 1.502E-01
1.806E-01 3.704E-02
3.077E-01 0.000E+00
1.429E-01 2.336E-01
5.217E-01 0.000E+00
0.000E+00 1.020E-01
1.111E-01 0.000E+00
2.041E-01 2.042E-01
2.581E-01 1.176E-01
3.000E-01 1.000E+00
1.449E-01 4.262E-01
9.083E-01 0.000E+00
5.236E-03 1.796E-02
1.087E-02 8.333E-02
2.553E-03 2.835E-03
0.000E+00 4.144E-03
0.000E+00 1.648E-02
1.111E-01 2.826E-02
0.000E+00 0.000E+00
0.000E+00 3.922E-02
0.000E+00 1.235E-02
0.000E+00 4.647E-02
3.774E-02 1.364E-01
2.975E-02 5.567E-02
2.685E-01 1.786E-02
1.200E-01 1.111E-01
1.892E-01 2.329E-01
5.246E-01 0.000E+00
0.000E+00 9.709E-03
1.389E-02 1.429E-01
5.682E-02 1.128E-01
2.424E-01 5.405E-02
2.778E-02 5.556E-01
8.929E-02 2.667E-01
5.379E-01 0.000E+00
0.000E+00 5.882E-02
0.000E+00 6.667E-01
0.000E+00 0.000E+00
0.000E+00 1.111E-01
4.000E-01 9.231E-01
1.154E-01 3.125E-01
9.728E-01 1.502E-02
8.163E-03 2.052E-02
0.000E+00 7.317E-02
1.879E-03 1.575E-03
0.000E+00 1.420E-02
0.000E+00 7.749E-03
0.000E+00 1.483E-02
1.304E-01 2.667E-02
3.333E-01 7.463E-02
1.429E-01 0.000E+00
1.667E-01 2.550E-02
4.651E-02 0.000E+00
4.632E-02 9.172E-02
2.985E-01 4.082E-02
2.222E-01 1.000E+00
1.452E-01 2.000E-01
4.898E-01 3.333E-01
0.000E+00 1.575E-02
8.065E-02 0.000E+00
9.450E-02 1.502E-01
1.806E-01 3.704E-02
3.077E-01 0.000E+00
1.429E-01 2.336E-01
5.217E-01 0.000E+00
0.000E+00 1.020E-01
1.111E-01 0.000E+00
2.041E-01 2.042E-01
2.581E-01 1.176E-01
3.000E-01 1.000E+00
1.449E-01 4.262E-01
9.083E-01 0.000E+00
5.236E-03 1.796E-02
1.087E-02 8.333E-02
2.553E-03 2.835E-03
0.000E+00 4.144E-03
0.000E+00 1.648E-02
1.111E-01 2.826E-02
0.000E+00 0.000E+00
0.000E+00 3.922E-02
0.000E+00 1.235E-02
0.000E+00 4.647E-02
3.774E-02 1.364E-01
2.975E-02 5.567E-02
2.685E-01 1.786E-02
1.200E-01 1.111E-01
1.892E-01 2.329E-01
5.246E-01 0.000E+00
0.000E+00 9.709E-03
1.389E-02 1.429E-01
5.682E-02 1.128E-01
2.424E-01 5.405E-02
2.778E-02 5.556E-01
8.929E-02 2.667E-01
5.379E-01 0.000E+00
0.000E+00 5.882E-02
0.000E+00 6.667E-01
0.000E+00 0.000E+00
0.000E+00 1.111E-01
4.000E-01 9.231E-01
1.154E-01 3.125E-01
9.728E-01 1.502E-02
8.163E-03 2.052E-02
0.000E+00 7.317E-02
1.879E-03 1.575E-03
0.000E+00 1.420E-02
0.000E+00 7.749E-03
0.000E+00 1.483E-02
1.304E-01 2.667E-02
3.333E-01 7.463E-02
1.429E-01 0.000E+00
1.667E-01 2.550E-02
4.651E-02 0.000E+00
4.632E-02 9.172E-02
2.985E-01 4.082E-02
2.222E-01 1.000E+00
1.452E-01 2.000E-01
4.898E-01 3.333E-01
0.000E+00 1.575E-02
8.065E-02 0.000E+00
9.450E-02 1.502E-01
1.806E-01 3.704E-02
3.077E-01 0.000E+00
1.429E-01 2.336E-01
5.217E-01 0.000E+00
0.000E+00 1.020E-01
1.111E-01 0.000E+00
2.041E-01 2.042E-01
2.581E-01 1.176E-01
3.000E-01 1.000E+00
1.449E-01 4.262E-01
9.083E-01 0.000E+00
5.236E-03 1.796E-02
1.087E-02 8.333E-02
2.553E-03 2.835E-03
0.000E+00 4.144E-03
0.000E+00 1.648E-02
1.111E-01 2.826E-02
0.000E+00 0.000E+00
0.000E+00 3.922E-02
0.000E+00 1.235E-02
0.000E+00 4.647E-02
3.774E-02 1.364E-01
2.975E-02 5.567E-02
2.685E-01 1.786E-02
1.200E-01 1.111E-01
1.892E-01 2.329E-01
5.246E-01 0.000E+00
0.000E+00 9.709E-03
1.389E-02 1.429E-01
5.682E-02 1.128E-01
2.424E-01 5.405E-02
2.778E-02 5.556E-01
8.929E-02 2.667E-01
5.379E-01 0.000E+00
0.000E+00 5.882E-02
0.000E+00 6.667E-01
0.000E+00 0.000E+00
0.000E+00 1.111E-01
4.000E-01 9.231E-01
1.154E-01 3.125E-01
9.728E-01 1.502E-02
8.163E-03 2.052E-02
0.000E+00 7.317E-02
1.879E-03 1.575E-03
0.000E+00 1.420E-02
0.000E+00 7.749E-03
0.000E+00 1.483E-02
1.304E-01 2.667E-02
3.333E-01 7.463E-02
1.429E-01 0.000E+00
1.667E-01 2.550E-02
4.651E-02 0.000E+00
4.632E-02 9.172E-02
2.985E-01 4.082E-02
2.222E-01 1.000E+00
1.452E-01 2.000E-01
4.898E-01 3.333E-01
0.000E+00 1.575E-02
8.065E-02 0.000E+00
9.450E-02 1.502E-01
1.806E-01 3.704E-02
3.077E-01 0.000E+00
1.429E-01 2.336E-01
5.217E-01 0.000E+00
0.000E+00 1.020E-01
1.111E-01 0.000E+00
2.041E-01 2.042E-01
2.581E-01 1.176E-01
3.000E-01 1.000E+00
1.449E-01 4.262E-01
9.083E-01 0.000E+00
5.236E-03 1.796E-02
1.087E-02 8.333E-02
2.553E-03 2.835E-03
0.000E+00 4.144E-03
0.000E+00 1.648E-02
1.111E-01 2.826E-02
0.000E+00 0.000E+00
0.000E+00 3.922E-02
0.000E+00 1.235E-02
0.000E+00 4.647E-02
3.774E-02 1.364E-01
2.975E-02 5.567E-02
2.685E-01 1.786E-02
1.200E-01 1.111E-01
1.892E-01 2.329E-01
5.246E-01 0.000E+00
0.000E+00 9.709E-03
1.389E-02 1.429E-01
5.682E-02 1.128E-01
2.424E-01 5.405E-02
2.778E-02 5.556E-01
8.929E-02 2.667E-01
5.379E-01 0.000E+00
0.000E+00 5.882E-02
0.000E+00 6.667E-01
0.000E+00 0.000E+00
0.000E+00 1.111E-01
4.000E-01 9.231E-01
1.154E-01 3.125E-01
9.728E-01 1.502E-02
8.163E-03 2.052E-02
0.000E+00 7.317E-02
1.879E-03 1.575E-03
0.000E+00 1.420E-02
0.000E+00 7.749E-03
0.000E+00 1.483E-02
1.304E-01 2.667E-02
3.333E-01 7.463E-02
1.429E-01 0.000E+00
1.667E-01 2.550E-02
4.651E-02 0.000E+00
4.632E-02 9.172E-02
2.985E-01 4.082E-02
2.222E-01 1.000E+00
1.452E-01 2.000E-01
4.898E-01 3.333E-01
0.000E+00 1.575E-02
8.065E-02 0.000E+00
9.450E-02 1.502E-01
1.806E-01 3.704E-02
3.077E-01 0.000E+00
1.429E-01 2.336E-01
5.217E-01 0.000E+00
0.000E+00 1.020E-01
1.111E-01 0.000E+00
2.041E-01 2.042E-01
2.581E-01 1.176E-01
3.000E-01 1.000E+00
1.449E-01 4.262E-01
9.083E-01 0.000E+00
5.236E-03 1.796E-02
1.087E-02 8.333E-02
2.553E-03 2.835E-03
0.000E+00 4.144E-03
0.000E+00 1.648E-02
1.111E-01 2.826E-02
0.000E+00 0.000E+00
0.000E+00 3.922E-02
0.000E+00 1.235E-02
0.000E+00 4.647E-02
3.774E-02 1.364E-01
2.975E-02 5.567E-02
2.685E-01 1.786E-02
1.200E-01 1.111E-01
1.892E-01 2.329E-01
5.246E-01 0.000E+00
0.000E+00 9.709E-03
1.389E-02 1.429E-01
5.682E-02 1.128E-01
2.424E-01 5.405E-02
2.778E-02 5.556E-01
8.929E-02 2.667E-01
5.379E-01 0.000E+00
0.000E+00 5.882E-02
0.000E+00 6.667E-01
0.000E+00 0.000E+00
0.000E+00 1.111E-01
4.000E-01 9.231E-01
1.154E-01 3.125E-01
9.728E-01 1.502E-02
8.163E-03 2.052E-02
0.000E+00 7.317E-02
1.879E-03 1.575E-03
0.000E+00 1.420E-02
0.000E+00 7.749E-03
0.000E+00 1.483E-02
1.304E-01 2.667E-02
3.333E-01 7.463E-02
1.429E-01 0.000E+00
1.667E-01 2.550E-02
4.651E-02 0.000E+00
4.632E-02 9.172E-02
2.985E-01 4.082E-02
2.222E-01 1.000E+00
1.452E-01 2.000E-01
4.898E-01 3.333E-01
0.000E+00 1.575E-02
8.065E-02 0.000E+00
9.450E-02 1.502E-01
1.806E-01 3.704E-02
3.077E-01 0.000E+00
1.429E-01 2.336E-01
5.217E-01 0.000E+00
0.000E+00 1.020E-01
1.111E-01 0.000E+00
2.041E-01 2.042E-01
2.581E-01 1.176E-01
3.000E-01 1.000E+00
1.449E-01 4.262E-01
9.083E-01 0.000E+00
5.236E-03 1.796E-02
1.087E-02 8.333E-02
2.553E-03 2.835E-03
0.000E+00 4.144E-03
0.000E+00 1.648E-02
1.111E-01 2.826E-02
0.000E+00 0.000E+00
0.000E+00 3.922E-02
0.000E+00 1.235E-02
0.000E+00 4.647E-02
3.774E-02 1.364E-01
2.975E-02 5.567E-02
2.685E-01 1.786E-02
1.200E-01 1.111E-01
1.892E-01 2.329E-01
5.246E-01 0.000E+00
0.000E+00 9.709E-03
1.389E-02 1.429E-01
5.682E-02 1.128E-01
2.424E-01 5.405E-02
2.778E-02 5.556E-01
8.929E-02 2.667E-01
5.379E-01 0.000E+00
0.000E+00 5.882E-02
0.000E+00 6.667E-01
0.000E+00 0.000E+00
0.000E+00 1.111E-01
4.000E-01 9.231E-01
1.154E-01 3.125E-01
9.728E-01 1.502E-02
8.163E-03 2.052E-02
0.000E+00 7.317E-02
1.879E-03 1.575E-03
0.000E+00 1.420E-02
0.000E+00 7.749E-03
0.000E+00 1.483E-02
1.304E-01 2.667E-02
3.333E-01 7.463E-02
1.429E-01 0.000E+00
1.667E-01 2.550E-02
4.651E-02 0.000E+00
4.632E-02 9.172E-02
2.985E-01 4.082E-02
2.222E-01 1.000E+00
1.452E-01 2.000E-01
4.898E-01 3.333E-01
0.000E+00 1.575E-02
8.065E-02 0.000E+00
9.450E-02 1.502E-01
1.806E-01 3.704E-02
3.077E-01 0.000E+00
1.429E-01 2.336E-01
5.217E-01 0.000E+00
0.000E+00 1.020E-01
1.111E-01 0.000E+00
2.041E-01 2.042E-01
2.581E-01 1.176E-01
3.000E-01 1.000E+00
1.449E-01 4.262E-01
9.083E-01 0.000E+00
5.236E-03 1.796E-02
1.087E-02 8.333E-02
2.553E-03 2.835E-03
0.000E+00 4.144E-03
0.000E+00 1.648E-02
1.111E-01 2.826E-02
0.000E+00 0.000E+00
0.000E+00 3.922E-02
0.000E+00 1.235E-02
0.000E+00 4.647E-02
3.774E-02 1.364E-01
2.975E-02 5.567E-02
2.685E-01 1.786E-02
1.200E-01 1.111E-01
1.892E-01 2.329E-01
5.246E-01 0.000E+00
0.000E+00 9.709E-03
1.389E-02 1.429E-01
5.682E-02 1.128E-01
2.424E-01 5.405E-02
2.778E-02 5.556E-01
8.929E-02 2.667E-01
5.379E-01 0.000E+00
0.000E+00 5.882E-02
0.000E+00 6.667E-01
0.000E+00 0.000E+00
0.000E+00 1.111E-01
4.000E-01 9.231E-01
1.154E-01 3.125E-01
9.728E-01 1.502E-02
8.163E-03 2.052E-02
0.000E+00 7.317E-02
1.879E-03 1.575E-03
0.000E+00 1.420E-02
0.000E+00 7.749E-03
0.000E+00 1.483E-02
1.304E-01 2.667E-02
3.333E-01 7.463E-02
1.429E-01 0.000E+00
1.667E-01 2.550E-02
4.651E-02 0.000E+00
4.632E-02 9.172E-02
2.985E-01 4.082E-02
2.222E-01 1.000E+00
1.452E-01 2.000E-01
4.898E-01 3.333E-01
0.000E+00 1.575E-02
8.065E-02 0.000E+00
9.450E-02 1.502E-01
1.806E-01 3.704E-02
3.077E-01 0.000E+00
1.429E-01 2.336E-01
5.217E-01 0.000E+00
0.000E+00 1.020E-01
1.111E-01 0.000E+00
2.041E-01 2.042E-01
2.581E-01 1.176E-01
3.000E-01 1.000E+00
1.449E-01 4.262E-01
9.083E-01 0.000E+00
5.236E-03 1.796E-02
1.087E-02 8.333E-02
2.553E-03 2.835E-03
0.000E+00 4.144E-03
0.000E+00 1.648E-02
1.111E-01 2.826E-02
0.000E+00 0.000E+00
0.000E+00 3.922E-02
0.000E+00 1.235E-02
0.000E+00 4.647E-02
3.774E-02 1.364E-01
2.975E-02 5.567E-02
2.685E-01 1.786E-02
1.200E-01 1.111E-01
1.892E-01 2.329E-01
5.246E-01 0.000E+00
0.000E+00 9.709E-03
1.389E-02 1.429E-01
5.682E-02 1.128E-01
2.424E-01 5.405E-02
2.778E-02 5.556E-01
8.929E-02 2.667E-01
5.379E-01 0.000E+00
0.000E+00 5.882E-02
0.000E+00 6.667E-01
0.000E+00 0.000E+00
0.000E+00 1.111E-01
4.000E-01 9.231E-01
1.154E-01 3.125E-01
9.728E-01 1.502E-02
8.163E-03 2.052E-02
0.000E+00 7.317E-02
1.879E-03 1.575E-03
0.000E+00 1.420E-02
0.000E+00 7.749E-03
0.000E+00 1.483E-02
1.304E-01 2.667E-02
3.333E-01 7.463E-02
1.429E-01 0.000E+00
1.667E-01 2.550E-02
4.651E-02 0.000E+00
4.632E-02 9.172E-02
2.985E-01 4.082E-02
2.222E-01 1.000E+00
1.452E-01 2.000E-01
4.898E-01 3.333E-01
0.000E+00 1.575E-02
8.065E-02 0.000E+00
9.450E-02 1.502E-01
1.806E-01 3.704E-02
3.077E-01 0.000E+00
1.429E-01 2.336E-01
5.217E-01 0.000E+00
0.000E+00 1.020E-01
1.111E-01 0.000E+00
2.041E-01 2.042E-01
2.581E-01 1.176E-01
3.000E-01 1.000E+00
1.449E-01 4.262E-01
9.083E-01 0.000E+00
5.236E-03 1.796E-02
1.087E-02 8.333E-02
2.553E-03 2.835E-03
0.000E+00 4.144E-03
0.000E+00 1.648E-02
1.111E-01 2.826E-02
0.000E+00 0.000E+00
0.000E+00 3.922E-02
0.000E+00 1.235E-02
0.000E+00 4.647E-02
3.774E-02 1.364E-01
2.975E-02 5.567E-02
2.685E-01 1.786E-02
1.200E-01 1.111E-01
1.892E-01 2.329E-01
5.246E-01 0.000E+00
0.000E+00 9.709E-03
1.389E-02 1.429E-01
5.682E-02 1.128E-01
2.424E-01 5.405E-02
2.778E-02 5.556E-01
8.929E-02 2.667E-01
5.379E-01 0.000E+00
0.000E+00 5.882E-02
0.000E+00 6.667E-01
0.000E+00 0.000E+00
0.000E+00 1.111E-01
4.000E-01 9.231E-01
1.154E-01 3.125E-01
9.728E-01 1.502E-02
8.163E-03 2.052E-02
0.000E+00 7.317E-02
1.879E-03 1.575E-03
0.000E+00 1.420E-02
0.000E+00 7.749E-03
0.000E+00 1.483E-02
1.304E-01 2.667E-02
3.333E-01 7.463E-02
1.429E-01 0.000E+00
1.667E-01 2.550E-02
4.651E-02 0.000E+00
4.632E-02 9.172E-02
2.985E-01 4.082E-02
2.222E-01 1.000E+00
1.452E-01 2.000E-01
4.898E-01 3.333E-01
0.000E+00 1.575E-02
8.065E-02 0.000E+00
9.450E-02 1.502E-01
1.806E-01 3.704E-02
3.077E-01 0.000E+00
1.429E-01 2.336E-01
5.217E-01 0.000E+00
0.000E+00 1.020E-01
1.111E-01 0.000E+00
2.041E-01 2.042E-01
2.581E-01 1.176E-01
3.000E-01 1.000E+00
1.449E-01 4.262E-01
9.083E-01 0.000E+00
5.236E-03 1.796E-02
1.087E-02 8.333E-02
2.553E-03 2.835E-03
0.000E+00 4.144E-03
0.000E+00 1.648E-02
1.111E-01 2.826E-02
0.000E+00 0.000E+00
0.000E+00 3.922E-02
0.000E+00 1.235E-02
0.000E+00 4.647E-02
3.774E-02 1.364E-01
2.975E-02 5.567E-02
2.685E-01 1.786E-02
1.200E-01 1.111E-01
1.892E-01 2.329E-01
5.246E-01 0.000E+00
0.000E+00 9.709E-03
1.389E-02 1.429E-01
5.682E-02 1.128E-01
2.424E-01 5.405E-02
2.778E-02 5.556E-01
8.929E-02 2.667E-01
5.379E-01 0.000E+00
0.000E+00 5.882E-02
0.000E+00 6.667E-01
0.000E+00 0.000E+00
0.000E+00 1.111E-01
4.000E-01 9.231E-01
1.154E-01 3.125E-01
9.728E-01 1.502E-02
8.163E-03 2.052E-02
0.000E+00 7.317E-02
1.879E-03 1.575E-03
0.000E+00 1.420E-02
0.000E+00 7.749E-03
0.000E+00 1.483E-02
1.304E-01 2.667E-02
3.333E-01 7.463E-02
1.429E-01 0.000E+00
1.667E-01 2.550E-02
4.651E-02 0.000E+00
4.632E-02 9.172E-02
2.985E-01 4.082E-02
2.222E-01 1.000E+00
1.452E-01 2.000E-01
4.898E-01 3.333E-01
0.000E+00 1.575E-02
8.065E-02 0.000E+00
9.450E-02 1.502E-01
1.806E-01 3.704E-02
3.077E-01 0.000E+00
1.429E-01 2.336E-01
5.217E-01 0.000E+00
0.000E+00 1.020E-01
1.111E-01 0.000E+00
2.041E-01 2.042E-01
2.581E-01 1.176E-01
3.000E-01 1.000E+00
1.449E-01 4.262E-01
9.083E-01 0.000E+00
5.236E-03 1.796E-02
1.087E-02 8.333E-02
2.553E-03 2.835E-03
0.000E+00 4.144E-03
0.000E+00 1.648E-02
1.111E-01 2.826E-02
0.000E+00 0.000E+00
0.000E+00 3.922E-02
0.000E+00 1.235E-02
0.000E+00 4.647E-02
3.774E-02 1.364E-01
2.975E-02 5.567E-02
2.685E-01 1.786E-02
1.200E-01 1.111E-01
1.892E-01 2.329E-01
5.246E-01 0.000E+00
0.000E+00 9.709E-03
1.389E-02 1.429E-01
5.682E-02 1.128E-01
2.424E-01 5.405E-02
2.778E-02 5.556E-01
8.929E-02 2.667E-01
5.379E-01 0.000E+00
0.000E+00 5.882E-02
0.000E+00 6.667E-01
0.000E+00 0.000E+00
0.000E+00 1.111E-01
4.000E-01 9.231E-01
1.154E-01 3.125E-01
9.728E-01 1.502E-02
8.163E-03 2.052E-02
0.000E+00 7.317E-02
1.879E-03 1.575E-03
0.000E+00 1.420E-02
0.000E+00 7.749E-03
0.000E+00 1.483E-02
1.304E-01 2.667E-02
3.333E-01 7.463E-02
1.429E-01 0.000E+00
1.667E-01 2.550E-02
4.651E-02 0.000E+00
4.632E-02 9.172E-02
2.985E-01 4.082E-02
2.222E-01 1.000E+00
1.452E-01 2.000E-01
4.898E-01 3.333E-01
0.000E+00 1.575E-02
8.065E-02 0.000E+00
9.450E-02 1.502E-01
1.806E-01 3.704E-02
3.077E-01 0.000E+00
1.429E-01 2.336E-01
5.217E-01 0.000E+00
0.000E+00 1.020E-01
1.111E-01 0.000E+00
2.041E-01 2.042E-01
2.581E-01 1.176E-01
3.000E-01 1.000E+00
1.449E-01 4.262E-01
9.083E-01 0.000E+00
5.236E-03 1.796E-02
1.087E-02 8.333E-02
2.553E-03 2.835E-03
0.000E+00 4.144E-03
0.000E+00 1.648E-02
1.111E-01 2.826E-02
0.000E+00 0.000E+00
0.000E+00 3.922E-02
0.000E+00 1.235E-02
0.000E+00 4.647E-02
3.774E-02 1.364E-01
2.975E-02 5.567E-02
2.685E-01 1.786E-02
1.200E-01 1.111E-01
1.892E-01 2.329E-01
5.246E-01 0.000E+00
0.000E+00 9.709E-03
1.389E-02 1.429E-01
5.682E-02 1.128E-01
2.424E-01 5.405E-02
2.778E-02 5.556E-01
8.929E-02 2.667E-01
5.379E-01 0.000E+00
0.000E+00 5.882E-02
0.000E+00 6.667E-01
0.000E+00 0.000E+00
0.000E+00 1.111E-01
4.000E-01 9.231E-01
1.154E-01 3.125E-01
9.728E-01 1.502E-02
8.163E-03 2.052E-02
0.000E+00 7.317E-02
1.879E-03 1.575E-03
0.000E+00 1.420E-02
0.000E+00 7.749E-03
0.000E+00 1.483E-02
1.304E-01 2.667E-02
3.333E-01 7.463E-02
1.429E-01 0.000E+00
1.667E-01 2.550E-02
4.651E-02 0.000E+00
4.632E-02 9.172E-02
2.985E-01 4.082E-02
2.222E-01 1.000E+00
1.452E-01 2.000E-01
4.898E-01 3.333E-01
0.000E+00 1.575E-02
8.065E-02 0.000E+00
9.450E-02 1.502E-01
1.806E-01 3.704E-02
3.077E-01 0.000E+00
1.429E-01 2.336E-01
5.217E-01 0.000E+00
0.000E+00 1.020E-01
1.111E-01 0.000E+00
2.041E-01 2.042E-01
2.581E-01 1.176E-01
3.000E-01 1.000E+00
1.449E-01 4.262E-01
9.083E-01 0.000E+00
5.236E-03 1.796E-02
1.087E-02 8.333E-02
2.553E-03 2.835E-03
0.000E+00 4.144E-03
0.000E+00 1.648E-02
1.111E-01 2.826E-02
0.000E+00 0.000E+00
0.000E+00 3.922E-02
0.000E+00 1.235E-02
0.000E+00 4.647E-02
3.774E-02 1.364E-01
2.975E-02 5.567E-02
2.685E-01 1.786E-02
1.200E-01 1.111E-01
1.892E-01 2.329E-01
5.246E-01 0.000E+00
0.000E+00 9.709E-03
1.389E-02 1.429E-01
5.682E-02 1.128E-01
2.424E-01 5.405E-02
2.778E-02 5.556E-01
8.929E-02 2.667E-01
5.379E-01 0.000E+00
0.000E+00 5.882E-02
0.000E+00 6.667E-01
0.000E+00 0.000E+00
0.000E+00 1.111E-01
4.000E-01 9.231E-01
1.154E-01 3.125E-01
9.728E-01 1.502E-02
8.163E-03 2.052E-02
0.000E+00 7.317E-02
1.879E-03 1.575E-03
0.000E+00 1.420E-02
0.000E+00 7.749E-03
0.000E+00 1.483E-02
1.304E-01 2.667E-02
3.333E-01 7.463E-02
1.429E-01 0.000E+00
1.667E-01 2.550E-02
4.651E-02 0.000E+00
4.632E-02 9.172E-02
2.985E-01 4.082E-02
2.222E-01 1.000E+00
1.452E-01 2.000E-01
4.898E-01 3.333E-01
0.000E+00 1.575E-02
8.065E-02 0.000E+00
9.450E-02 1.502E-01
1.806E-01 3.704E-02
3.077E-01 0.000E+00
1.429E-01 2.336E-01
5.217E-01 0.000E+00
0.000E+00 1.020E-01
1.111E-01 0.000E+00
2.041E-01 2.042E-01
2.581E-01 1.176E-01
3.000E-01 1.000E+00
1.449E-01 4.262E-01
9.083E-01 0.000E+00
5.236E-03 1.796E-02
1.087E-02 8.333E-02
2.553E-03 2.835E-03
0.000E+00 4.144E-03
0.000E+00 1.648E-02
1.111E-01 2.826E-02
0.000E+00 0.000E+00
0.000E+00 3.922E-02
0.000E+00 1.235E-02
0.000E+00 4.647E-02
3.774E-02 1.364E-01
2.975E-02 5.567E-02
2.685E-01 1.786E-02
1.200E-01 1.111E-01
1.892E-01 2.329E-01
5.246E-01 0.000E+00
0.000E+00 9.709E-03
1.389E-02 1.429E-01
5.682E-02 1.128E-01
2.424E-01 5.405E-02
2.778E-02 5.556E-01
8.929E-02 2.667E-01
5.379E-01 0.000E+00
0.000E+00 5.882E-02
0.000E+00 6.667E-01
0.000E+00 0.000E+00
0.000E+00 1.111E-01
4.000E-01 9.231E-01
1.154E-01 3.125E-01
9.728E-01 1.502E-02
8.163E-03 2.052E-02
0.000E+00 7.317E-02
1.879E-03 1.575E-03
0.000E+00 1.420E-02
0.000E+00 7.749E-03
0.000E+00 1.483E-02
1.304E-01 2.667E-02
3.333E-01 7.463E-02
1.429E-01 0.000E+00
1.667E-01 2.550E-02
4.651E-02 0.000E+00
4.632E-02 9.172E-02
2.985E-01 4.082E-02
2.222E-01 1.000E+00
1.452E-01 2.000E-01
4.898E-01 3.333E-01
0.000E+00 1.575E-02
8.065E-02 0.000E+00
9.450E-02 1.502E-01
1.806E-01 3.704E-02
3.077E-01 0.000E+00
1.429E-01 2.336E-01
5.217E-01 0.000E+00
0.000E+00 1.020E-01
1.111E-01 0.000E+00
2.041E-01 2.042E-01
2.581E-01 1.176E-01
3.000E-01 1.000E+00
1.449E-01 4.262E-01
9.083E-01 0.000E+00
5.236E-03 1.796E-02
1.087E-02 8.333E-02
2.553E-03 2.835E-03
0.000E+00 4.144E-03
0.000E+00 1.648E-02
1.111E-01 2.826E-02
0.000E+00 0.000E+00
0.000E+00 3.922E-02
0.000E+00 1.235E-02
0.000E+00 4.647E-02
3.774E-02 1.364E-01
2.975E-02 5.567E-02
2.685E-01 1.786E-02
1.200E-01 1.111E-01
1.892E-01 2.329E-01
5.246E-01 0.000E+00
0.000E+00 9.709E-03
1.389E-02 1.429E-01
5.682E-02 1.128E-01
2.424E-01 5.405E-02
2.778E-02 5.556E-01
8.929E-02 2.667E-01
5.379E-01 0.000E+00
0.000E+00 5.882E-02
0.000E+00 6.667E-01
0.000E+00 0.000E+00
0.000E+00 1.111E-01
4.000E-01 9.231E-01
1.154E-01 3.125E-01
9.728E-01 1.502E-02
8.163E-03 2.052E-02
0.000E+00 7.317E-02
1.879E-03 1.575E-03
0.000E+00 1.420E-02
0.000E+00 7.749E-03
0.000E+00 1.483E-02
1.304E-01 2.667E-02
3.333E-01 7.463E-02
1.429E-01 0.000E+00
1.667E-01 2.550E-02
4.651E-02 0.000E+00
4.632E-02 9.172E-02
2.985E-01 4.082E-02
2.222E-01 1.000E+00
1.452E-01 2.000E-01
4.898E-01 3.333E-01
0.000E+00 1.575E-02
8.065E-02 0.000E+00
9.450E-02 1.502E-01
1.806E-01 3.704E-02
3.077E-01 0.000E+00
1.429E-01 2.336E-01
5.217E-01 0.000E+00
0.000E+00 1.020E-01
1.111E-01 0.000E+00
2.041E-01 2.042E-01
2.581E-01 1.176E-01
3.000E-01 1.000E+00
1.449E-01 4.262E-01
9.083E-01 0.000E+00
5.236E-03 1.796E-02
1.087E-02 8.333E-02
2.553E-03 2.835E-03
0.000E+00 4.144E-03
0.000E+00 1.648E-02
1.111E-01 2.826E-02
0.000E+00 0.000E+00
0.000E+00 3.922E-02
0.000E+00 1.235E-02
0.000E+00 4.647E-02
3.774E-02 1.364E-01
2.975E-02 5.567E-02
2.685E-01 1.786E-02
1.200E-01 1.111E-01
1.892E-01 2.329E-01
5.246E-01 0.000E+00
0.000E+00 9.709E-03
1.389E-02 1.429E-01
5.682E-02 1.128E-01
2.424E-01 5.405E-02
2.778E-02 5.556E-01
8.929E-02 2.667E-01
5.379E-01 0.000E+00
0.000E+00 5.882E-02
0.000E+00 6.667E-01
0.000E+00 0.000E+00
0.000E+00 1.111E-01
4.000E-01 9.231E-01
1.154E-01 3.125E-01
9.728E-01 1.502E-02
8.163E-03 2.052E-02
0.000E+00 7.317E-02
1.879E-03 1.575E-03
0.000E+00 1.420E-02
0.000E+00 7.749E-03
0.000E+00 1.483E-02
1.304E-01 2.667E-02
3.333E-01 7.463E-02
1.429E-01 0.000E+00
1.667E-01 2.550E-02
4.651E-02 0.000E+00
4.632E-02 9.172E-02
2.985E-01 4.082E-02
2.222E-01 1.000E+00
1.452E-01 2.000E-01
4.898E-01 3.333E-01
0.000E+00 1.575E-02
8.065E-02 0.000E+00
9.450E-02 1.502E-01
1.806E-01 3.704E-02
3.077E-01 0.000E+00
1.429E-01 2.336E-01
5.217E-01 0.000E+00
0.000E+00 1.020E-01
1.111E-01 0.000E+00
2.041E-01 2.042E-01
2.581E-01 1.176E-01
3.000E-01 1.000E+00
1.449E-01 4.262E-01
9.083E-01 0.000E+00
5.236E-03 1.796E-02
1.087E-02 8.333E-02
2.553E-03 2.835E-03
0.000E+00 4.144E-03
0.000E+00 1.648E-02
1.111E-01 2.826E-02
0.000E+00 0.000E+00
0.000E+00 3.922E-02
0.000E+00 1.235E-02
0.000E+00 4.647E-02
3.774E-02 1.364E-01
2.975E-02 5.567E-02
2.685E-01 1.786E-02
1.200E-01 1.111E-01
1.892E-01 2.329E-01
5.246E-01 0.000E+00
0.000E+00 9.709E-03
1.389E-02 1.429E-01
5.682E-02 1.128E-01
2.424E-01 5.405E-02
2.778E-02 5.556E-01
8.929E-02 2.667E-01
5.379E-01 0.000E+00
0.000E+00 5.882E-02
0.000E+00 6.667E-01
0.000E+00 0.000E+00
0.000E+00 1.111E-01
4.000E-01 9.231E-01
1.154E-01 3.125E-01
9.728E-01 1.502E-02
8.163E-03 2.052E-02
0.000E+00 7.317E-02
1.879E-03 1.575E-03
0.000E+00 1.420E-02
0.000E+00 7.749E-03
0.000E+00 1.483E-02
1.304E-01 2.667E-02
3.333E-01 7.463E-02
1.429E-01 0.000E+00
1.667E-01 2.550E-02
4.651E-02 0.000E+00
4.632E-02 9.172E-02
2.985E-01 4.082E-02
2.222E-01 1.000E+00
1.452E-01 2.000E-01
4.898E-01 3.333E-01
0.000E+00 1.575E-02
8.065E-02 0.000E+00
9.450E-02 1.502E-01
1.806E-01 3.704E-02
3.077E-01 0.000E+00
1.429E-01 2.336E-01
5.217E-01 0.000E+00
0.000E+00 1.020E-01
1.111E-01 0.000E+00
2.041E-01 2.042E-01
2.581E-01 1.176E-01
3.000E-01 1.000E+00
1.449E-01 4.262E-01
9.083E-01 0.000E+00
5.236E-03 1.796E-02
1.087E-02 8.333E-02
2.553E-03 2.835E-03
0.000E+00 4.144E-03
0.000E+00 1.648E-02
1.111E-01 2.826E-02
0.000E+00 0.000E+00
0.000E+00 3.922E-02
0.000E+00 1.235E-02
0.000E+00 4.647E-02
3.774E-02 1.364E-01
2.975E-02 5.567E-02
2.685E-01 1.786E-02
1.200E-01 1.111E-01
1.892E-01 2.329E-01
5.246E-01 0.000E+00
0.000E+00 9.709E-03
1.389E-02 1.429E-01
5.682E-02 1.128E-01
2.424E-01 5.405E-02
2.778E-02 5.556E-01
8.929E-02 2.667E-01
5.379E-01 0.000E+00
0.000E+00 5.882E-02
0.000E+00 6.667E-01
0.000E+00 0.000E+00
0.000E+00 1.111E-01
4.000E-01 9.231E-01
1.154E-01 3.125E-01
9.728E-01 1.502E-02
8.163E-03 2.052E-02
0.000E+00 7.317E-02
1.879E-03 1.575E-03
0.000E+00 1.420E-02
0.000E+00 7.749E-03
0.000E+00 1.483E-02
1.304E-01 2.667E-02
3.333E-01 7.463E-02
1.429E-01 0.000E+00
1.667E-01 2.550E-02
4.651E-02 0.000E+00
4.632E-02 9.172E-02
2.985E-01 4.082E-02
2.222E-01 1.000E+00
1.452E-01 2.000E-01
4.898E-01 3.333E-01
0.000E+00 1.575E-02
8.065E-02 0.000E+00
9.450E-02 1.502E-01
1.806E-01 3.704E-02
3.077E-01 0.000E+00
1.429E-01 2.336E-01
5.217E-01 0.000E+00
0.000E+00 1.020E-01
1.111E-01 0.000E+00
2.041E-01 2.042E-01
2.581E-01 1.176E-01
3.000E-01 1.000E+00
1.449E-01 4.262E-01
9.083E-01 0.000E+00
5.236E-03 1.796E-02
1.087E-02 8.333E-02
2.553E-03 2.835E-03
0.000E+00 4.144E-03
0.000E+00 1.648E-02
1.111E-01 2.826E-02
0.000E+00 0.000E+00
0.000E+00 3.922E-02
0.000E+00 1.235E-02
0.000E+00 4.647E-02
3.774E-02 1.364E-01
2.975E-02 5.567E-02
2.685E-01 1.786E-02
1.200E-01 1.111E-01
1.892E-01 2.329E-01
5.246E-01 0.000E+00
0.000E+00 9.709E-03
1.389E-02 1.429E-01
5.682E-02 1.128E-01
2.424E-01 5.405E-02
2.778E-02 5.556E-01
8.929E-02 2.667E-01
5.379E-01 0.000E+00
0.000E+00 5.882E-02
0.000E+00 6.667E-01
0.000E+00 0.000E+00
0.000E+00 1.111E-01
4.000E-01 9.231E-01
1.154E-01 3.125E-01
9.728E-01 1.502E-02
8.163E-03 2.052E-02
0.000E+00 7.317E-02
1.879E-03 1.575E-03
0.000E+00 1.420E-02
0.000E+00 7.749E-03
0.000E+00 1.483E-02
1.304E-01 2.667E-02
3.333E-01 7.463E-02
1.429E-01 0.000E+00
1.667E-01 2.550E-02
4.651E-02 0.000E+00
4.632E-02 9.172E-02
2.985E-01 4.082E-02
2.222E-01 1.000E+00
1.452E-01 2.000E-01
4.898E-01 3.333E-01
0.000E+00 1.575E-02
8.065E-02 0.000E+00
9.450E-02 1.502E-01
1.806E-01 3.704E-02
3.077E-01 0.000E+00
1.429E-01 2.336E-01
5.217E-01 0.000E+00
0.000E+00 1.020E-01
1.111E-01 0.000E+00
2.041E-01 2.042E-01
2.581E-01 1.176E-01
3.000E-01 1.000E+00
1.449E-01 4.262E-01
9.083E-01 0.000E+00
5.236E-03 1.796E-02
1.087E-02 8.333E-02
2.553E-03 2.835E-03
0.000E+00 4.144E-03
0.000E+00 1.648E-02
1.111E-01 2.826E-02
0.000E+00 0.000E+00
0.000E+00 3.922E-02
0.000E+00 1.235E-02
0.000E+00 4.647E-02
3.774E-02 1.364E-01
2.975E-02 5.567E-02
2.685E-01 1.786E-02
1.200E-01 1.111E-01
1.892E-01 2.329E-01
5.246E-01 0.000E+00
0.000E+00 9.709E-03
1.389E-02 1.429E-01
5.682E-02 1.128E-01
2.424E-01 5.405E-02
2.778E-02 5.556E-01
8.929E-02 2.667E-01
5.379E-01 0.000E+00
0.000E+00 5.882E-02
0.000E+00 6.667E-01
0.000E+00 0.000E+00
0.000E+00 1.111E-01
4.000E-01 9.231E-01
1.154E-01 3.125E-01
9.728E-01 1.502E-02
8.163E-03 2.052E-02
0.000E+00 7.317E-02
1.879E-03 1.575E-03
0.000E+00 1.420E-02
0.000E+00 7.749E-03
0.000E+00 1.483E-02
1.304E-01 2.667E-02
3.333E-01 7.463E-02
1.429E-01 0.000E+00
1.667E-01 2.550E-02
4.651E-02 0.000E+00
4.632E-02 9.172E-02
2.985E-01 4.082E-02
2.222E-01 1.000E+00
1.452E-01 2.000E-01
4.898E-01 3.333E-01
0.000E+00 1.575E-02
8.065E-02 0.000E+00
9.450E-02 1.502E-01
1.806E-01 3.704E-02
3.077E-01 0.000E+00
1.429E-01 2.336E-01
5.217E-01 0.000E+00
0.000E+00 1.020E-01
1.111E-01 0.000E+00
2.041E-01 2.042E-01
2.581E-01 1.176E-01
3.000E-01 1.000E+00
1.449E-01 4.262E-01
9.083E-01 0.000E+00
5.236E-03 1.796E-02
1.087E-02 8.333E-02
2.553E-03 2.835E-03
0.000E+00 4.144E-03
0.000E+00 1.648E-02
1.111E-01 2.826E-02
0.000E+00 0.000E+00
0.000E+00 3.922E-02
0.000E+00 1.235E-02
0.000E+00 4.647E-02
3.774E-02 1.364E-01
2.975E-02 5.567E-02
2.685E-01 1.786E-02
1.200E-01 1.111E-01
1.892E-01 2.329E-01
5.246E-01 0.000E+00
0.000E+00 9.709E-03
1.389E-02 1.429E-01
5.682E-02 1.128E-01
2.424E-01 5.405E-02
2.778E-02 5.556E-01
8.929E-02 2.667E-01
5.379E-01 0.000E+00
0.000E+00 5.882E-02
0.000E+00 6.667E-01
0.000E+00 0.000E+00
0.000E+00 1.111E-01
4.000E-01 9.231E-01
1.154E-01 3.125E-01
9.728E-01 1.502E-02
8.163E-03 2.052E-02
0.000E+00 7.317E-02
1.879E-03 1.575E-03
0.000E+00 1.420E-02
0.000E+00 7.749E-03
0.000E+00 1.483E-02
1.304E-01 2.667E-02
3.333E-01 7.463E-02
1.429E-01 0.000E+00
1.667E-01 2.550E-02
4.651E-02 0.000E+00
4.632E-02 9.172E-02
2.985E-01 4.082E-02
2.222E-01 1.000E+00
1.452E-01 2.000E-01
4.898E-01 3.333E-01
0.000E+00 1.575E-02
8.065E-02 0.000E+00
9.450E-02 1.502E-01
1.806E-01 3.704E-02
3.077E-01 0.000E+00
1.429E-01 2.336E-01
5.217E-01 0.000E+00
0.000E+00 1.020E-01
1.111E-01 0.000E+00
2.041E-01 2.042E-01
2.581E-01 1.176E-01
3.000E-01 1.000E+00
1.449E-01 4.262E-01
9.083E-01 0.000E+00
5.236E-03 1.796E-02
1.087E-02 8.333E-02
2.553E-03 2.835E-03
0.000E+00 4.144E-03
0.000E+00 1.648E-02
1.111E-01 2.826E-02
0.000E+00 0.000E+00
0.000E+00 3.922E-02
0.000E+00 1.235E-02
0.000E+00 4.647E-02
3.774E-02 1.364E-01
2.975E-02 5.567E-02
2.685E-01 1.786E-02
1.200E-01 1.111E-01
1.892E-01 2.329E-01
5.246E-01 0.000E+00
0.000E+00 9.709E-03
1.389E-02 1.429E-01
5.682E-02 1.128E-01
2.424E-01 5.405E-02
2.778E-02 5.556E-01
8.929E-02 2.667E-01
5.379E-01 0.000E+00
0.000E+00 5.882E-02
0.000E+00 6.667E-01
0.000E+00 0.000E+00
0.000E+00 1.111E-01
4.000E-01 9.231E-01
1.154E-01 3.125E-01
9.728E-01 1.502E-02
8.163E-03 2.052E-02
0.000E+00 7.317E-02
1.879E-03 1.575E-03
0.000E+00 1.420E-02
0.000E+00 7.749E-03
0.000E+00 1.483E-02
1.304E-01 2.667E-02
3.333E-01 7.463E-02
1.429E-01 0.000E+00
1.667E-01 2.550E-02
4.651E-02 0.000E+00
4.632E-02 9.172E-02
2.985E-01 4.082E-02
2.222E-01 1.000E+00
1.452E-01 2.000E-01
4.898E-01 3.333E-01
0.000E+00 1.575E-02
8.065E-02 0.000E+00
9.450E-02 1.502E-01
1.806E-01 3.704E-02
3.077E-01 0.000E+00
1.429E-01 2.336E-01
5.217E-01 0.000E+00
0.000E+00 1.020E-01
1.111E-01 0.000E+00
2.041E-01 2.042E-01
2.581E-01 1.176E-01
3.000E-01 1.000E+00
1.449E-01 4.262E-01
9.083E-01 0.000E+00
5.236E-03 1.796E-02
1.087E-02 8.333E-02
2.553E-03 2.835E-03
0.000E+00 4.144E-03
0.000E+00 1.648E-02
1.111E-01 2.826E-02
0.000E+00 0.000E+00
0.000E+00 3.922E-02
0.000E+00 1.235E-02
0.000E+00 4.647E-02
3.774E-02 1.364E-01
2.975E-02 5.567E-02
2.685E-01 1.786E-02
1.200E-01 1.111E-01
1.892E-01 2.329E-01
5.246E-01 0.000E+00
0.000E+00 9.709E-03
1.389E-02 1.429E-01
5.682E-02 1.128E-01
2.424E-01 5.405E-02
2.778E-02 5.556E-01
8.929E-02 2.667E-01
5.379E-01 0.000E+00
0.000E+00 5.882E-02
0.000E+00 6.667E-01
0.000E+00 0.000E+00
0.000E+00 1.111E-01
4.000E-01 9.231E-01
1.154E-01 3.125E-01
9.728E-01 1.502E-02
8.163E-03 2.052E-02
0.000E+00 7.317E-02
1.879E-03 1.575E-03
0.000E+00 1.420E-02
0.000E+00 7.749E-03
0.000E+00 1.483E-02
1.304E-01 2.667E-02
3.333E-01 7.463E-02
1.429E-01 0.000E+00
1.667E-01 2.550E-02
4.651E-02 0.000E+00
4.632E-02 9.172E-02
2.985E-01 4.082E-02
2.222E-01 1.000E+00
1.452E-01 2.000E-01
4.898E-01 3.333E-01
0.000E+00 1.575E-02
8.065E-02 0.000E+00
9.450E-02 1.502E-01
1.806E-01 3.704E-02
3.077E-01 0.000E+00
1.429E-01 2.336E-01
5.217E-01 0.000E+00
0.000E+00 1.020E-01
1.111E-01 0.000E+00
2.041E-01 2.042E-01
2.581E-01 1.176E-01
3.000E-01 1.000E+00
1.449E-01 4.262E-01
9.083E-01 0.000E+00
5.236E-03 1.796E-02
1.087E-02 8.333E-02
2.553E-03 2.835E-03
0.000E+00 4.144E-03
0.000E+00 1.648E-02
1.111E-01 2.826E-02
0.000E+00 0.000E+00
0.000E+00 3.922E-02
0.000E+00 1.235E-02
0.000E+00 4.647E-02
3.774E-02 1.364E-01
2.975E-02 5.567E-02
2.685E-01 1.786E-02
1.200E-01 1.111E-01
1.892E-01 2.329E-01
5.246E-01 0.000E+00
0.000E+00 9.709E-03
1.389E-02 1.429E-01
5.682E-02 1.128E-01
2.424E-01 5.405E-02
2.778E-02 5.556E-01
8.929E-02 2.667E-01
5.379E-01 0.000E+00
0.000E+00 5.882E-02
0.000E+00 6.667E-01
0.000E+00 0.000E+00
0.000E+00 1.111E-01
4.000E-01 9.231E-01
1.154E-01 3.125E-01
9.728E-01 1.502E-02
8.163E-03 2.052E-02
0.000E+00 7.317E-02
1.879E-03 1.575E-03
0.000E+00 1.420E-02
0.000E+00 7.749E-03
0.000E+00 1.483E-02
1.304E-01 2.667E-02
3.333E-01 7.463E-02
1.429E-01 0.000E+00
1.667E-01 2.550E-02
4.651E-02 0.000E+00
4.632E-02 9.172E-02
2.985E-01 4.082E-02
2.222E-01 1.000E+00
1.452E-01 2.000E-01
4.898E-01 3.333E-01
0.000E+00 1.575E-02
8.065E-02 0.000E+00
9.450E-02 1.502E-01
1.806E-01 3.704E-02
3.077E-01 0.000E+00
1.429E-01 2.336E-01
5.217E-01 0.000E+00
0.000E+00 1.020E-01
1.111E-01 0.000E+00
2.041E-01 2.042E-01
2.581E-01 1.176E-01
3.000E-01 1.000E+00
1.449E-01 4.262E-01
9.083E-01 0.000E+00
5.236E-03 1.796E-02
1.087E-02 8.333E-02
2.553E-03 2.835E-03
0.000E+00 4.144E-03
0.000E+00 1.648E-02
1.111E-01 2.826E-02
0.000E+00 0.000E+00
0.000E+00 3.922E-02
0.000E+00 1.235E-02
0.000E+00 4.647E-02
3.774E-02 1.364E-01
2.975E-02 5.567E-02
2.685E-01 1.786E-02
1.200E-01 1.111E-01
1.892E-01 2.329E-01
5.246E-01 0.000E+00
0.000E+00 9.709E-03
1.389E-02 1.429E-01
5.682E-02 1.128E-01
2.424E-01 5.405E-02
2.778E-02 5.556E-01
8.929E-02 2.667E-01
5.379E-01 0.000E+00
0.000E+00 5.882E-02
0.000E+00 6.667E-01
0.000E+00 0.000E+00
0.000E+00 1.111E-01
4.000E-01 9.231E-01
1.154E-01 3.125E-01
9.728E-01 1.502E-02
8.163E-03 2.052E-02
0.000E+00 7.317E-02
1.879E-03 1.575E-03
0.000E+00 1.420E-02
0.000E+00 7.749E-03
0.000E+00 1.483E-02
1.304E-01 2.667E-02
3.333E-01 7.463E-02
1.429E-01 0.000E+00
1.667E-01 2.550E-02
4.651E-02 0.000E+00
4.632E-02 9.172E-02
2.985E-01 4.082E-02
2.222E-01 1.000E+00
1.452E-01 2.000E-01
4.898E-01 3.333E-01
0.000E+00 1.575E-02
8.065E-02 0.000E+00
9.450E-02 1.502E-01
1.806E-01 3.704E-02
3.077E-01 0.000E+00
1.429E-01 2.336E-01
5.217E-01 0.000E+00
0.000E+00 1.020E-01
1.111E-01 0.000E+00
2.041E-01 2.042E-01
2.581E-01 1.176E-01
3.000E-01 1.000E+00
1.449E-01 4.262E-01
9.083E-01 0.000E+00
5.236E-03 1.796E-02
1.087E-02 8.333E-02
2.553E-03 2.835E-03
0.000E+00 4.144E-03
0.000E+00 1.648E-02
1.111E-01 2.826E-02
0.000E+00 0.000E+00
0.000E+00 3.922E-02
0.000E+00 1.235E-02
0.000E+00 4.647E-02
3.774E-02 1.364E-01
2.975E-02 5.567E-02
2.685E-01 1.786E-02
1.200E-01 1.111E-01
1.892E-01 2.329E-01
5.246E-01 0.000E+00
0.000E+00 9.709E-03
1.389E-02 1.429E-01
5.682E-02 1.128E-01
2.424E-01 5.405E-02
2.778E-02 5.556E-01
8.929E-02 2.667E-01
5.379E-01 0.000E+00
0.000E+00 5.882E-02
0.000E+00 6.667E-01
0.000E+00 0.000E+00
0.000E+00 1.111E-01
4.000E-01 9.231E-01
1.154E-01 3.125E-01
9.728E-01 1.502E-02
8.163E-03 2.052E-02
0.000E+00 7.317E-02
1.879E-03 1.575E-03
0.000E+00 1.420E-02
0.000E+00 7.749E-03
0.000E+00 1.483E-02
1.304E-01 2.667E-02
3.333E-01 7.463E-02
1.429E-01 0.000E+00
1.667E-01 2.550E-02
4.651E-02 0.000E+00
4.632E-02 9.172E-02
2.985E-01 4.082E-02
2.222E-01 1.000E+00
1.452E-01 2.000E-01
4.898E-01 3.333E-01
0.000E+00 1.575E-02
8.065E-02 0.000E+00
9.450E-02 1.502E-01
1.806E-01 3.704E-02
3.077E-01 0.000E+00
1.429E-01 2.336E-01
5.217E-01 0.000E+00
0.000E+00 1.020E-01
1.111E-01 0.000E+00
2.041E-01 2.042E-01
2.581E-01 1.176E-01
3.000E-01 1.000E+00
1.449E-01 4.262E-01
9.083E-01 0.000E+00
5.236E-03 1.796E-02
1.087E-02 8.333E-02
2.553E-03 2.835E-03
0.000E+00 4.144E-03
0.000E+00 1.648E-02
1.111E-01 2.826E-02
0.000E+00 0.000E+00
0.000E+00 3.922E-02
0.000E+00 1.235E-02
0.000E+00 4.647E-02
3.774E-02 1.364E-01
2.975E-02 5.567E-02
2.685E-01 1.786E-02
1.200E-01 1.111E-01
1.892E-01 2.329E-01
5.246E-01 0.000E+00
0.000E+00 9.709E-03
1.389E-02 1.429E-01
5.682E-02 1.128E-01
2.424E-01 5.405E-02
2.778E-02 5.556E-01
8.929E-02 2.667E-01
5.379E-01 0.000E+00
0.000E+00 5.882E-02
0.000E+00 6.667E-01
0.000E+00 0.000E+00
0.000E+00 1.111E-01
4.000E-01 9.231E-01
1.154E-01 3.125E-01
9.728E-01 1.502E-02
8.163E-03 2.052E-02
0.000E+00 7.317E-02
1.879E-03 1.575E-03
0.000E+00 1.420E-02
0.000E+00 7.749E-03
0.000E+00 1.483E-02
1.304E-01 2.667E-02
3.333E-01 7.463E-02
1.429E-01 0.000E+00
1.667E-01 2.550E-02
4.651E-02 0.000E+00
4.632E-02 9.172E-02
2.985E-01 4.082E-02
2.222E-01 1.000E+00
1.452E-01 2.000E-01
4.898E-01 3.333E-01
0.000E+00 1.575E-02
8.065E-02 0.000E+00
9.450E-02 1.502E-01
1.806E-01 3.704E-02
3.077E-01 0.000E+00
1.429E-01 2.336E-01
5.217E-01 0.000E+00
0.000E+00 1.020E-01
1.111E-01 0.000E+00
2.041E-01 2.042E-01
2.581E-01 1.176E-01
3.000E-01 1.000E+00
1.449E-01 4.262E-01
9.083E-01 0.000E+00
5.236E-03 1.796E-02
1.087E-02 8.333E-02
2.553E-03 2.835E-03
0.000E+00 4.144E-03
0.000E+00 1.648E-02
1.111E-01 2.826E-02
0.000E+00 0.000E+00
0.000E+00 3.922E-02
0.000E+00 1.235E-02
0.000E+00 4.647E-02
3.774E-02 1.364E-01
2.975E-02 5.567E-02
2.685E-01 1.786E-02
1.200E-01 1.111E-01
1.892E-01 2.329E-01
5.246E-01 0.000E+00
0.000E+00 9.709E-03
1.389E-02 1.429E-01
5.682E-02 1.128E-01
2.424E-01 5.405E-02
2.778E-02 5.556E-01
8.929E-02 2.667E-01
5.379E-01 0.000E+00
0.000E+00 5.882E-02
0.000E+00 6.667E-01
0.000E+00 0.000E+00
0.000E+00 1.111E-01
4.000E-01 9.231E-01
1.154E-01 3.125E-01
9.728E-01 1.502E-02
8.163E-03 2.052E-02
0.000E+00 7.317E-02
