7.338E-03 7.637E-03
3.704E-02 8.658E-03
0.000E+00 1.875E-02
1.522E-01 2.174E-02
9.756E-02 2.143E-02
0.000E+00 7.907E-02
2.703E-01 3.008E-02
1.000E-01 3.685E-02
1.731E-01 4.000E-01
6.221E-02 1.556E-01
0.000E+00 6.250E-02
1.200E-01 0.000E+00
2.500E-01 2.500E-01
6.061E-01 0.000E+00
0.000E+00 5.161E-02
2.295E-01 0.000E+00
1.082E-01 2.219E-01
7.778E-01 6.667E-02
1.667E-01 0.000E+00
2.222E-01 4.772E-01
1.165E+00 0.000E+00
0.000E+00 6.061E-02
3.333E-01 2.000E+00
2.842E-01 3.868E-01
5.000E-01 9.677E-02
4.194E-01 0.000E+00
3.673E-01 6.713E-01
1.575E+00 7.435E-03
1.207E-02 2.019E-02
1.515E-02 1.406E-01
9.025E-03 1.449E-02
0.000E+00 3.776E-02
6.818E-02 5.186E-02
1.111E-01 6.939E-02
1.618E-01 1.000E-01
0.000E+00 1.636E-01
0.000E+00 4.317E-02
7.500E-02 9.491E-02
1.780E-01 2.000E-01
1.326E-01 2.425E-01
8.736E-01 2.619E-01
3.714E-01 2.000E+00
2.297E-01 3.605E-01
6.147E-01 0.000E+00
0.000E+00 9.756E-02
1.707E-01 5.000E-01
1.585E-01 3.315E-01
6.061E-01 1.400E-01
1.698E-01 5.000E-01
2.169E-01 5.850E-01
1.190E+00 0.000E+00
0.000E+00 0.000E+00
1.000E+00 0.000E+00
8.333E-02 6.364E-01
4.286E-01 5.882E-02
2.500E-01 5.000E+00
4.211E-01 4.082E-01
2.144E+00 3.003E-03
9.709E-03 2.948E-02
0.000E+00 4.286E-01
7.338E-03 7.637E-03
3.704E-02 8.658E-03
0.000E+00 1.875E-02
1.522E-01 2.174E-02
9.756E-02 2.143E-02
0.000E+00 7.907E-02
2.703E-01 3.008E-02
1.000E-01 3.685E-02
1.731E-01 4.000E-01
6.221E-02 1.556E-01
0.000E+00 6.250E-02
1.200E-01 0.000E+00
2.500E-01 2.500E-01
6.061E-01 0.000E+00
0.000E+00 5.161E-02
2.295E-01 0.000E+00
1.082E-01 2.219E-01
7.778E-01 6.667E-02
1.667E-01 0.000E+00
2.222E-01 4.772E-01
1.165E+00 0.000E+00
0.000E+00 6.061E-02
3.333E-01 2.000E+00
2.842E-01 3.868E-01
5.000E-01 9.677E-02
4.194E-01 0.000E+00
3.673E-01 6.713E-01
1.575E+00 7.435E-03
1.207E-02 2.019E-02
1.515E-02 1.406E-01
9.025E-03 1.449E-02
0.000E+00 3.776E-02
6.818E-02 5.186E-02
1.111E-01 6.939E-02
1.618E-01 1.000E-01
0.000E+00 1.636E-01
0.000E+00 4.317E-02
7.500E-02 9.491E-02
1.780E-01 2.000E-01
1.326E-01 2.425E-01
8.736E-01 2.619E-01
3.714E-01 2.000E+00
2.297E-01 3.605E-01
6.147E-01 0.000E+00
0.000E+00 9.756E-02
1.707E-01 5.000E-01
1.585E-01 3.315E-01
6.061E-01 1.400E-01
1.698E-01 5.000E-01
2.169E-01 5.850E-01
1.190E+00 0.000E+00
0.000E+00 0.000E+00
1.000E+00 0.000E+00
8.333E-02 6.364E-01
4.286E-01 5.882E-02
2.500E-01 5.000E+00
4.211E-01 4.082E-01
2.144E+00 3.003E-03
9.709E-03 2.948E-02
0.000E+00 4.286E-01
7.338E-03 7.637E-03
3.704E-02 8.658E-03
0.000E+00 1.875E-02
1.522E-01 2.174E-02
9.756E-02 2.143E-02
0.000E+00 7.907E-02
2.703E-01 3.008E-02
1.000E-01 3.685E-02
1.731E-01 4.000E-01
6.221E-02 1.556E-01
0.000E+00 6.250E-02
1.200E-01 0.000E+00
2.500E-01 2.500E-01
6.061E-01 0.000E+00
0.000E+00 5.161E-02
2.295E-01 0.000E+00
1.082E-01 2.219E-01
7.778E-01 6.667E-02
1.667E-01 0.000E+00
2.222E-01 4.772E-01
1.165E+00 0.000E+00
0.000E+00 6.061E-02
3.333E-01 2.000E+00
2.842E-01 3.868E-01
5.000E-01 9.677E-02
4.194E-01 0.000E+00
3.673E-01 6.713E-01
1.575E+00 7.435E-03
1.207E-02 2.019E-02
1.515E-02 1.406E-01
9.025E-03 1.449E-02
0.000E+00 3.776E-02
6.818E-02 5.186E-02
1.111E-01 6.939E-02
1.618E-01 1.000E-01
0.000E+00 1.636E-01
0.000E+00 4.317E-02
7.500E-02 9.491E-02
1.780E-01 2.000E-01
1.326E-01 2.425E-01
8.736E-01 2.619E-01
3.714E-01 2.000E+00
2.297E-01 3.605E-01
6.147E-01 0.000E+00
0.000E+00 9.756E-02
1.707E-01 5.000E-01
1.585E-01 3.315E-01
6.061E-01 1.400E-01
1.698E-01 5.000E-01
2.169E-01 5.850E-01
1.190E+00 0.000E+00
0.000E+00 0.000E+00
1.000E+00 0.000E+00
8.333E-02 6.364E-01
4.286E-01 5.882E-02
2.500E-01 5.000E+00
4.211E-01 4.082E-01
2.144E+00 3.003E-03
9.709E-03 2.948E-02
0.000E+00 4.286E-01
7.338E-03 7.637E-03
3.704E-02 8.658E-03
0.000E+00 1.875E-02
1.522E-01 2.174E-02
9.756E-02 2.143E-02
0.000E+00 7.907E-02
2.703E-01 3.008E-02
1.000E-01 3.685E-02
1.731E-01 4.000E-01
6.221E-02 1.556E-01
0.000E+00 6.250E-02
1.200E-01 0.000E+00
2.500E-01 2.500E-01
6.061E-01 0.000E+00
0.000E+00 5.161E-02
2.295E-01 0.000E+00
1.082E-01 2.219E-01
7.778E-01 6.667E-02
1.667E-01 0.000E+00
2.222E-01 4.772E-01
1.165E+00 0.000E+00
0.000E+00 6.061E-02
3.333E-01 2.000E+00
2.842E-01 3.868E-01
5.000E-01 9.677E-02
4.194E-01 0.000E+00
3.673E-01 6.713E-01
1.575E+00 7.435E-03
1.207E-02 2.019E-02
1.515E-02 1.406E-01
9.025E-03 1.449E-02
0.000E+00 3.776E-02
6.818E-02 5.186E-02
1.111E-01 6.939E-02
1.618E-01 1.000E-01
0.000E+00 1.636E-01
0.000E+00 4.317E-02
7.500E-02 9.491E-02
1.780E-01 2.000E-01
1.326E-01 2.425E-01
8.736E-01 2.619E-01
3.714E-01 2.000E+00
2.297E-01 3.605E-01
6.147E-01 0.000E+00
0.000E+00 9.756E-02
1.707E-01 5.000E-01
1.585E-01 3.315E-01
6.061E-01 1.400E-01
1.698E-01 5.000E-01
2.169E-01 5.850E-01
1.190E+00 0.000E+00
0.000E+00 0.000E+00
1.000E+00 0.000E+00
8.333E-02 6.364E-01
4.286E-01 5.882E-02
2.500E-01 5.000E+00
4.211E-01 4.082E-01
2.144E+00 3.003E-03
9.709E-03 2.948E-02
0.000E+00 4.286E-01
7.338E-03 7.637E-03
3.704E-02 8.658E-03
0.000E+00 1.875E-02
1.522E-01 2.174E-02
9.756E-02 2.143E-02
0.000E+00 7.907E-02
2.703E-01 3.008E-02
1.000E-01 3.685E-02
1.731E-01 4.000E-01
6.221E-02 1.556E-01
0.000E+00 6.250E-02
1.200E-01 0.000E+00
2.500E-01 2.500E-01
6.061E-01 0.000E+00
0.000E+00 5.161E-02
2.295E-01 0.000E+00
1.082E-01 2.219E-01
7.778E-01 6.667E-02
1.667E-01 0.000E+00
2.222E-01 4.772E-01
1.165E+00 0.000E+00
0.000E+00 6.061E-02
3.333E-01 2.000E+00
2.842E-01 3.868E-01
5.000E-01 9.677E-02
4.194E-01 0.000E+00
3.673E-01 6.713E-01
1.575E+00 7.435E-03
1.207E-02 2.019E-02
1.515E-02 1.406E-01
9.025E-03 1.449E-02
0.000E+00 3.776E-02
6.818E-02 5.186E-02
1.111E-01 6.939E-02
1.618E-01 1.000E-01
0.000E+00 1.636E-01
0.000E+00 4.317E-02
7.500E-02 9.491E-02
1.780E-01 2.000E-01
1.326E-01 2.425E-01
8.736E-01 2.619E-01
3.714E-01 2.000E+00
2.297E-01 3.605E-01
6.147E-01 0.000E+00
0.000E+00 9.756E-02
1.707E-01 5.000E-01
1.585E-01 3.315E-01
6.061E-01 1.400E-01
1.698E-01 5.000E-01
2.169E-01 5.850E-01
1.190E+00 0.000E+00
0.000E+00 0.000E+00
1.000E+00 0.000E+00
8.333E-02 6.364E-01
4.286E-01 5.882E-02
2.500E-01 5.000E+00
4.211E-01 4.082E-01
2.144E+00 3.003E-03
9.709E-03 2.948E-02
0.000E+00 4.286E-01
7.338E-03 7.637E-03
3.704E-02 8.658E-03
0.000E+00 1.875E-02
1.522E-01 2.174E-02
9.756E-02 2.143E-02
0.000E+00 7.907E-02
2.703E-01 3.008E-02
1.000E-01 3.685E-02
1.731E-01 4.000E-01
6.221E-02 1.556E-01
0.000E+00 6.250E-02
1.200E-01 0.000E+00
2.500E-01 2.500E-01
6.061E-01 0.000E+00
0.000E+00 5.161E-02
2.295E-01 0.000E+00
1.082E-01 2.219E-01
7.778E-01 6.667E-02
1.667E-01 0.000E+00
2.222E-01 4.772E-01
1.165E+00 0.000E+00
0.000E+00 6.061E-02
3.333E-01 2.000E+00
2.842E-01 3.868E-01
5.000E-01 9.677E-02
4.194E-01 0.000E+00
3.673E-01 6.713E-01
1.575E+00 7.435E-03
1.207E-02 2.019E-02
1.515E-02 1.406E-01
9.025E-03 1.449E-02
0.000E+00 3.776E-02
6.818E-02 5.186E-02
1.111E-01 6.939E-02
1.618E-01 1.000E-01
0.000E+00 1.636E-01
0.000E+00 4.317E-02
7.500E-02 9.491E-02
1.780E-01 2.000E-01
1.326E-01 2.425E-01
8.736E-01 2.619E-01
3.714E-01 2.000E+00
2.297E-01 3.605E-01
6.147E-01 0.000E+00
0.000E+00 9.756E-02
1.707E-01 5.000E-01
1.585E-01 3.315E-01
6.061E-01 1.400E-01
1.698E-01 5.000E-01
2.169E-01 5.850E-01
1.190E+00 0.000E+00
0.000E+00 0.000E+00
1.000E+00 0.000E+00
8.333E-02 6.364E-01
4.286E-01 5.882E-02
2.500E-01 5.000E+00
4.211E-01 4.082E-01
2.144E+00 3.003E-03
9.709E-03 2.948E-02
0.000E+00 4.286E-01
7.338E-03 7.637E-03
3.704E-02 8.658E-03
0.000E+00 1.875E-02
1.522E-01 2.174E-02
9.756E-02 2.143E-02
0.000E+00 7.907E-02
2.703E-01 3.008E-02
1.000E-01 3.685E-02
1.731E-01 4.000E-01
6.221E-02 1.556E-01
0.000E+00 6.250E-02
1.200E-01 0.000E+00
2.500E-01 2.500E-01
6.061E-01 0.000E+00
0.000E+00 5.161E-02
2.295E-01 0.000E+00
1.082E-01 2.219E-01
7.778E-01 6.667E-02
1.667E-01 0.000E+00
2.222E-01 4.772E-01
1.165E+00 0.000E+00
0.000E+00 6.061E-02
3.333E-01 2.000E+00
2.842E-01 3.868E-01
5.000E-01 9.677E-02
4.194E-01 0.000E+00
3.673E-01 6.713E-01
1.575E+00 7.435E-03
1.207E-02 2.019E-02
1.515E-02 1.406E-01
9.025E-03 1.449E-02
0.000E+00 3.776E-02
6.818E-02 5.186E-02
1.111E-01 6.939E-02
1.618E-01 1.000E-01
0.000E+00 1.636E-01
0.000E+00 4.317E-02
7.500E-02 9.491E-02
1.780E-01 2.000E-01
1.326E-01 2.425E-01
8.736E-01 2.619E-01
3.714E-01 2.000E+00
2.297E-01 3.605E-01
6.147E-01 0.000E+00
0.000E+00 9.756E-02
1.707E-01 5.000E-01
1.585E-01 3.315E-01
6.061E-01 1.400E-01
1.698E-01 5.000E-01
2.169E-01 5.850E-01
1.190E+00 0.000E+00
0.000E+00 0.000E+00
1.000E+00 0.000E+00
8.333E-02 6.364E-01
4.286E-01 5.882E-02
2.500E-01 5.000E+00
4.211E-01 4.082E-01
2.144E+00 3.003E-03
9.709E-03 2.948E-02
0.000E+00 4.286E-01
7.338E-03 7.637E-03
3.704E-02 8.658E-03
0.000E+00 1.875E-02
1.522E-01 2.174E-02
9.756E-02 2.143E-02
0.000E+00 7.907E-02
2.703E-01 3.008E-02
1.000E-01 3.685E-02
1.731E-01 4.000E-01
6.221E-02 1.556E-01
0.000E+00 6.250E-02
1.200E-01 0.000E+00
2.500E-01 2.500E-01
6.061E-01 0.000E+00
0.000E+00 5.161E-02
2.295E-01 0.000E+00
1.082E-01 2.219E-01
7.778E-01 6.667E-02
1.667E-01 0.000E+00
2.222E-01 4.772E-01
1.165E+00 0.000E+00
0.000E+00 6.061E-02
3.333E-01 2.000E+00
2.842E-01 3.868E-01
5.000E-01 9.677E-02
4.194E-01 0.000E+00
3.673E-01 6.713E-01
1.575E+00 7.435E-03
1.207E-02 2.019E-02
1.515E-02 1.406E-01
9.025E-03 1.449E-02
0.000E+00 3.776E-02
6.818E-02 5.186E-02
1.111E-01 6.939E-02
1.618E-01 1.000E-01
0.000E+00 1.636E-01
0.000E+00 4.317E-02
7.500E-02 9.491E-02
1.780E-01 2.000E-01
1.326E-01 2.425E-01
8.736E-01 2.619E-01
3.714E-01 2.000E+00
2.297E-01 3.605E-01
6.147E-01 0.000E+00
0.000E+00 9.756E-02
1.707E-01 5.000E-01
1.585E-01 3.315E-01
6.061E-01 1.400E-01
1.698E-01 5.000E-01
2.169E-01 5.850E-01
1.190E+00 0.000E+00
0.000E+00 0.000E+00
1.000E+00 0.000E+00
8.333E-02 6.364E-01
4.286E-01 5.882E-02
2.500E-01 5.000E+00
4.211E-01 4.082E-01
2.144E+00 3.003E-03
9.709E-03 2.948E-02
0.000E+00 4.286E-01
7.338E-03 7.637E-03
3.704E-02 8.658E-03
0.000E+00 1.875E-02
1.522E-01 2.174E-02
9.756E-02 2.143E-02
0.000E+00 7.907E-02
2.703E-01 3.008E-02
1.000E-01 3.685E-02
1.731E-01 4.000E-01
6.221E-02 1.556E-01
0.000E+00 6.250E-02
1.200E-01 0.000E+00
2.500E-01 2.500E-01
6.061E-01 0.000E+00
0.000E+00 5.161E-02
2.295E-01 0.000E+00
1.082E-01 2.219E-01
7.778E-01 6.667E-02
1.667E-01 0.000E+00
2.222E-01 4.772E-01
1.165E+00 0.000E+00
0.000E+00 6.061E-02
3.333E-01 2.000E+00
2.842E-01 3.868E-01
5.000E-01 9.677E-02
4.194E-01 0.000E+00
3.673E-01 6.713E-01
1.575E+00 7.435E-03
1.207E-02 2.019E-02
1.515E-02 1.406E-01
9.025E-03 1.449E-02
0.000E+00 3.776E-02
6.818E-02 5.186E-02
1.111E-01 6.939E-02
1.618E-01 1.000E-01
0.000E+00 1.636E-01
0.000E+00 4.317E-02
7.500E-02 9.491E-02
1.780E-01 2.000E-01
1.326E-01 2.425E-01
8.736E-01 2.619E-01
3.714E-01 2.000E+00
2.297E-01 3.605E-01
6.147E-01 0.000E+00
0.000E+00 9.756E-02
1.707E-01 5.000E-01
1.585E-01 3.315E-01
6.061E-01 1.400E-01
1.698E-01 5.000E-01
2.169E-01 5.850E-01
1.190E+00 0.000E+00
0.000E+00 0.000E+00
1.000E+00 0.000E+00
8.333E-02 6.364E-01
4.286E-01 5.882E-02
2.500E-01 5.000E+00
4.211E-01 4.082E-01
2.144E+00 3.003E-03
9.709E-03 2.948E-02
0.000E+00 4.286E-01
7.338E-03 7.637E-03
3.704E-02 8.658E-03
0.000E+00 1.875E-02
1.522E-01 2.174E-02
9.756E-02 2.143E-02
0.000E+00 7.907E-02
2.703E-01 3.008E-02
1.000E-01 3.685E-02
1.731E-01 4.000E-01
6.221E-02 1.556E-01
0.000E+00 6.250E-02
1.200E-01 0.000E+00
2.500E-01 2.500E-01
6.061E-01 0.000E+00
0.000E+00 5.161E-02
2.295E-01 0.000E+00
1.082E-01 2.219E-01
7.778E-01 6.667E-02
1.667E-01 0.000E+00
2.222E-01 4.772E-01
1.165E+00 0.000E+00
0.000E+00 6.061E-02
3.333E-01 2.000E+00
2.842E-01 3.868E-01
5.000E-01 9.677E-02
4.194E-01 0.000E+00
3.673E-01 6.713E-01
1.575E+00 7.435E-03
1.207E-02 2.019E-02
1.515E-02 1.406E-01
9.025E-03 1.449E-02
0.000E+00 3.776E-02
6.818E-02 5.186E-02
1.111E-01 6.939E-02
1.618E-01 1.000E-01
0.000E+00 1.636E-01
0.000E+00 4.317E-02
7.500E-02 9.491E-02
1.780E-01 2.000E-01
1.326E-01 2.425E-01
8.736E-01 2.619E-01
3.714E-01 2.000E+00
2.297E-01 3.605E-01
6.147E-01 0.000E+00
0.000E+00 9.756E-02
1.707E-01 5.000E-01
1.585E-01 3.315E-01
6.061E-01 1.400E-01
1.698E-01 5.000E-01
2.169E-01 5.850E-01
1.190E+00 0.000E+00
0.000E+00 0.000E+00
1.000E+00 0.000E+00
8.333E-02 6.364E-01
4.286E-01 5.882E-02
2.500E-01 5.000E+00
4.211E-01 4.082E-01
2.144E+00 3.003E-03
9.709E-03 2.948E-02
0.000E+00 4.286E-01
7.338E-03 7.637E-03
3.704E-02 8.658E-03
0.000E+00 1.875E-02
1.522E-01 2.174E-02
9.756E-02 2.143E-02
0.000E+00 7.907E-02
2.703E-01 3.008E-02
1.000E-01 3.685E-02
1.731E-01 4.000E-01
6.221E-02 1.556E-01
0.000E+00 6.250E-02
1.200E-01 0.000E+00
2.500E-01 2.500E-01
6.061E-01 0.000E+00
0.000E+00 5.161E-02
2.295E-01 0.000E+00
1.082E-01 2.219E-01
7.778E-01 6.667E-02
1.667E-01 0.000E+00
2.222E-01 4.772E-01
1.165E+00 0.000E+00
0.000E+00 6.061E-02
3.333E-01 2.000E+00
2.842E-01 3.868E-01
5.000E-01 9.677E-02
4.194E-01 0.000E+00
3.673E-01 6.713E-01
1.575E+00 7.435E-03
1.207E-02 2.019E-02
1.515E-02 1.406E-01
9.025E-03 1.449E-02
0.000E+00 3.776E-02
6.818E-02 5.186E-02
1.111E-01 6.939E-02
1.618E-01 1.000E-01
0.000E+00 1.636E-01
0.000E+00 4.317E-02
7.500E-02 9.491E-02
1.780E-01 2.000E-01
1.326E-01 2.425E-01
8.736E-01 2.619E-01
3.714E-01 2.000E+00
2.297E-01 3.605E-01
6.147E-01 0.000E+00
0.000E+00 9.756E-02
1.707E-01 5.000E-01
1.585E-01 3.315E-01
6.061E-01 1.400E-01
1.698E-01 5.000E-01
2.169E-01 5.850E-01
1.190E+00 0.000E+00
0.000E+00 0.000E+00
1.000E+00 0.000E+00
8.333E-02 6.364E-01
4.286E-01 5.882E-02
2.500E-01 5.000E+00
4.211E-01 4.082E-01
2.144E+00 3.003E-03
9.709E-03 2.948E-02
0.000E+00 4.286E-01
7.338E-03 7.637E-03
3.704E-02 8.658E-03
0.000E+00 1.875E-02
1.522E-01 2.174E-02
9.756E-02 2.143E-02
0.000E+00 7.907E-02
2.703E-01 3.008E-02
1.000E-01 3.685E-02
1.731E-01 4.000E-01
6.221E-02 1.556E-01
0.000E+00 6.250E-02
1.200E-01 0.000E+00
2.500E-01 2.500E-01
6.061E-01 0.000E+00
0.000E+00 5.161E-02
2.295E-01 0.000E+00
1.082E-01 2.219E-01
7.778E-01 6.667E-02
1.667E-01 0.000E+00
2.222E-01 4.772E-01
1.165E+00 0.000E+00
0.000E+00 6.061E-02
3.333E-01 2.000E+00
2.842E-01 3.868E-01
5.000E-01 9.677E-02
4.194E-01 0.000E+00
3.673E-01 6.713E-01
1.575E+00 7.435E-03
1.207E-02 2.019E-02
1.515E-02 1.406E-01
9.025E-03 1.449E-02
0.000E+00 3.776E-02
6.818E-02 5.186E-02
1.111E-01 6.939E-02
1.618E-01 1.000E-01
0.000E+00 1.636E-01
0.000E+00 4.317E-02
7.500E-02 9.491E-02
1.780E-01 2.000E-01
1.326E-01 2.425E-01
8.736E-01 2.619E-01
3.714E-01 2.000E+00
2.297E-01 3.605E-01
6.147E-01 0.000E+00
0.000E+00 9.756E-02
1.707E-01 5.000E-01
1.585E-01 3.315E-01
6.061E-01 1.400E-01
1.698E-01 5.000E-01
2.169E-01 5.850E-01
1.190E+00 0.000E+00
0.000E+00 0.000E+00
1.000E+00 0.000E+00
8.333E-02 6.364E-01
4.286E-01 5.882E-02
2.500E-01 5.000E+00
4.211E-01 4.082E-01
2.144E+00 3.003E-03
9.709E-03 2.948E-02
0.000E+00 4.286E-01
7.338E-03 7.637E-03
3.704E-02 8.658E-03
0.000E+00 1.875E-02
1.522E-01 2.174E-02
9.756E-02 2.143E-02
0.000E+00 7.907E-02
2.703E-01 3.008E-02
1.000E-01 3.685E-02
1.731E-01 4.000E-01
6.221E-02 1.556E-01
0.000E+00 6.250E-02
1.200E-01 0.000E+00
2.500E-01 2.500E-01
6.061E-01 0.000E+00
0.000E+00 5.161E-02
2.295E-01 0.000E+00
1.082E-01 2.219E-01
7.778E-01 6.667E-02
1.667E-01 0.000E+00
2.222E-01 4.772E-01
1.165E+00 0.000E+00
0.000E+00 6.061E-02
3.333E-01 2.000E+00
2.842E-01 3.868E-01
5.000E-01 9.677E-02
4.194E-01 0.000E+00
3.673E-01 6.713E-01
1.575E+00 7.435E-03
1.207E-02 2.019E-02
1.515E-02 1.406E-01
9.025E-03 1.449E-02
0.000E+00 3.776E-02
6.818E-02 5.186E-02
1.111E-01 6.939E-02
1.618E-01 1.000E-01
0.000E+00 1.636E-01
0.000E+00 4.317E-02
7.500E-02 9.491E-02
1.780E-01 2.000E-01
1.326E-01 2.425E-01
8.736E-01 2.619E-01
3.714E-01 2.000E+00
2.297E-01 3.605E-01
6.147E-01 0.000E+00
0.000E+00 9.756E-02
1.707E-01 5.000E-01
1.585E-01 3.315E-01
6.061E-01 1.400E-01
1.698E-01 5.000E-01
2.169E-01 5.850E-01
1.190E+00 0.000E+00
0.000E+00 0.000E+00
1.000E+00 0.000E+00
8.333E-02 6.364E-01
4.286E-01 5.882E-02
2.500E-01 5.000E+00
4.211E-01 4.082E-01
2.144E+00 3.003E-03
9.709E-03 2.948E-02
0.000E+00 4.286E-01
7.338E-03 7.637E-03
3.704E-02 8.658E-03
0.000E+00 1.875E-02
1.522E-01 2.174E-02
9.756E-02 2.143E-02
0.000E+00 7.907E-02
2.703E-01 3.008E-02
1.000E-01 3.685E-02
1.731E-01 4.000E-01
6.221E-02 1.556E-01
0.000E+00 6.250E-02
1.200E-01 0.000E+00
2.500E-01 2.500E-01
6.061E-01 0.000E+00
0.000E+00 5.161E-02
2.295E-01 0.000E+00
1.082E-01 2.219E-01
7.778E-01 6.667E-02
1.667E-01 0.000E+00
2.222E-01 4.772E-01
1.165E+00 0.000E+00
0.000E+00 6.061E-02
3.333E-01 2.000E+00
2.842E-01 3.868E-01
5.000E-01 9.677E-02
4.194E-01 0.000E+00
3.673E-01 6.713E-01
1.575E+00 7.435E-03
1.207E-02 2.019E-02
1.515E-02 1.406E-01
9.025E-03 1.449E-02
0.000E+00 3.776E-02
6.818E-02 5.186E-02
1.111E-01 6.939E-02
1.618E-01 1.000E-01
0.000E+00 1.636E-01
0.000E+00 4.317E-02
7.500E-02 9.491E-02
1.780E-01 2.000E-01
1.326E-01 2.425E-01
8.736E-01 2.619E-01
3.714E-01 2.000E+00
2.297E-01 3.605E-01
6.147E-01 0.000E+00
0.000E+00 9.756E-02
1.707E-01 5.000E-01
1.585E-01 3.315E-01
6.061E-01 1.400E-01
1.698E-01 5.000E-01
2.169E-01 5.850E-01
1.190E+00 0.000E+00
0.000E+00 0.000E+00
1.000E+00 0.000E+00
8.333E-02 6.364E-01
4.286E-01 5.882E-02
2.500E-01 5.000E+00
4.211E-01 4.082E-01
2.144E+00 3.003E-03
9.709E-03 2.948E-02
0.000E+00 4.286E-01
7.338E-03 7.637E-03
3.704E-02 8.658E-03
0.000E+00 1.875E-02
1.522E-01 2.174E-02
9.756E-02 2.143E-02
0.000E+00 7.907E-02
2.703E-01 3.008E-02
1.000E-01 3.685E-02
1.731E-01 4.000E-01
6.221E-02 1.556E-01
0.000E+00 6.250E-02
1.200E-01 0.000E+00
2.500E-01 2.500E-01
6.061E-01 0.000E+00
0.000E+00 5.161E-02
2.295E-01 0.000E+00
1.082E-01 2.219E-01
7.778E-01 6.667E-02
1.667E-01 0.000E+00
2.222E-01 4.772E-01
1.165E+00 0.000E+00
0.000E+00 6.061E-02
3.333E-01 2.000E+00
2.842E-01 3.868E-01
5.000E-01 9.677E-02
4.194E-01 0.000E+00
3.673E-01 6.713E-01
1.575E+00 7.435E-03
1.207E-02 2.019E-02
1.515E-02 1.406E-01
9.025E-03 1.449E-02
0.000E+00 3.776E-02
6.818E-02 5.186E-02
1.111E-01 6.939E-02
1.618E-01 1.000E-01
0.000E+00 1.636E-01
0.000E+00 4.317E-02
7.500E-02 9.491E-02
1.780E-01 2.000E-01
1.326E-01 2.425E-01
8.736E-01 2.619E-01
3.714E-01 2.000E+00
2.297E-01 3.605E-01
6.147E-01 0.000E+00
0.000E+00 9.756E-02
1.707E-01 5.000E-01
1.585E-01 3.315E-01
6.061E-01 1.400E-01
1.698E-01 5.000E-01
2.169E-01 5.850E-01
1.190E+00 0.000E+00
0.000E+00 0.000E+00
1.000E+00 0.000E+00
8.333E-02 6.364E-01
4.286E-01 5.882E-02
2.500E-01 5.000E+00
4.211E-01 4.082E-01
2.144E+00 3.003E-03
9.709E-03 2.948E-02
0.000E+00 4.286E-01
7.338E-03 7.637E-03
3.704E-02 8.658E-03
0.000E+00 1.875E-02
1.522E-01 2.174E-02
9.756E-02 2.143E-02
0.000E+00 7.907E-02
2.703E-01 3.008E-02
1.000E-01 3.685E-02
1.731E-01 4.000E-01
6.221E-02 1.556E-01
0.000E+00 6.250E-02
1.200E-01 0.000E+00
2.500E-01 2.500E-01
6.061E-01 0.000E+00
0.000E+00 5.161E-02
2.295E-01 0.000E+00
1.082E-01 2.219E-01
7.778E-01 6.667E-02
1.667E-01 0.000E+00
2.222E-01 4.772E-01
1.165E+00 0.000E+00
0.000E+00 6.061E-02
3.333E-01 2.000E+00
2.842E-01 3.868E-01
5.000E-01 9.677E-02
4.194E-01 0.000E+00
3.673E-01 6.713E-01
1.575E+00 7.435E-03
1.207E-02 2.019E-02
1.515E-02 1.406E-01
9.025E-03 1.449E-02
0.000E+00 3.776E-02
6.818E-02 5.186E-02
1.111E-01 6.939E-02
1.618E-01 1.000E-01
0.000E+00 1.636E-01
0.000E+00 4.317E-02
7.500E-02 9.491E-02
1.780E-01 2.000E-01
1.326E-01 2.425E-01
8.736E-01 2.619E-01
3.714E-01 2.000E+00
2.297E-01 3.605E-01
6.147E-01 0.000E+00
0.000E+00 9.756E-02
1.707E-01 5.000E-01
1.585E-01 3.315E-01
6.061E-01 1.400E-01
1.698E-01 5.000E-01
2.169E-01 5.850E-01
1.190E+00 0.000E+00
0.000E+00 0.000E+00
1.000E+00 0.000E+00
8.333E-02 6.364E-01
4.286E-01 5.882E-02
2.500E-01 5.000E+00
4.211E-01 4.082E-01
2.144E+00 3.003E-03
9.709E-03 2.948E-02
0.000E+00 4.286E-01
7.338E-03 7.637E-03
3.704E-02 8.658E-03
0.000E+00 1.875E-02
1.522E-01 2.174E-02
9.756E-02 2.143E-02
0.000E+00 7.907E-02
2.703E-01 3.008E-02
1.000E-01 3.685E-02
1.731E-01 4.000E-01
6.221E-02 1.556E-01
0.000E+00 6.250E-02
1.200E-01 0.000E+00
2.500E-01 2.500E-01
6.061E-01 0.000E+00
0.000E+00 5.161E-02
2.295E-01 0.000E+00
1.082E-01 2.219E-01
7.778E-01 6.667E-02
1.667E-01 0.000E+00
2.222E-01 4.772E-01
1.165E+00 0.000E+00
0.000E+00 6.061E-02
3.333E-01 2.000E+00
2.842E-01 3.868E-01
5.000E-01 9.677E-02
4.194E-01 0.000E+00
3.673E-01 6.713E-01
1.575E+00 7.435E-03
1.207E-02 2.019E-02
1.515E-02 1.406E-01
9.025E-03 1.449E-02
0.000E+00 3.776E-02
6.818E-02 5.186E-02
1.111E-01 6.939E-02
1.618E-01 1.000E-01
0.000E+00 1.636E-01
0.000E+00 4.317E-02
7.500E-02 9.491E-02
1.780E-01 2.000E-01
1.326E-01 2.425E-01
8.736E-01 2.619E-01
3.714E-01 2.000E+00
2.297E-01 3.605E-01
6.147E-01 0.000E+00
0.000E+00 9.756E-02
1.707E-01 5.000E-01
1.585E-01 3.315E-01
6.061E-01 1.400E-01
1.698E-01 5.000E-01
2.169E-01 5.850E-01
1.190E+00 0.000E+00
0.000E+00 0.000E+00
1.000E+00 0.000E+00
8.333E-02 6.364E-01
4.286E-01 5.882E-02
2.500E-01 5.000E+00
4.211E-01 4.082E-01
2.144E+00 3.003E-03
9.709E-03 2.948E-02
0.000E+00 4.286E-01
7.338E-03 7.637E-03
3.704E-02 8.658E-03
0.000E+00 1.875E-02
1.522E-01 2.174E-02
9.756E-02 2.143E-02
0.000E+00 7.907E-02
2.703E-01 3.008E-02
1.000E-01 3.685E-02
1.731E-01 4.000E-01
6.221E-02 1.556E-01
0.000E+00 6.250E-02
1.200E-01 0.000E+00
2.500E-01 2.500E-01
6.061E-01 0.000E+00
0.000E+00 5.161E-02
2.295E-01 0.000E+00
1.082E-01 2.219E-01
7.778E-01 6.667E-02
1.667E-01 0.000E+00
2.222E-01 4.772E-01
1.165E+00 0.000E+00
0.000E+00 6.061E-02
3.333E-01 2.000E+00
2.842E-01 3.868E-01
5.000E-01 9.677E-02
4.194E-01 0.000E+00
3.673E-01 6.713E-01
1.575E+00 7.435E-03
1.207E-02 2.019E-02
1.515E-02 1.406E-01
9.025E-03 1.449E-02
0.000E+00 3.776E-02
6.818E-02 5.186E-02
1.111E-01 6.939E-02
1.618E-01 1.000E-01
0.000E+00 1.636E-01
0.000E+00 4.317E-02
7.500E-02 9.491E-02
1.780E-01 2.000E-01
1.326E-01 2.425E-01
8.736E-01 2.619E-01
3.714E-01 2.000E+00
2.297E-01 3.605E-01
6.147E-01 0.000E+00
0.000E+00 9.756E-02
1.707E-01 5.000E-01
1.585E-01 3.315E-01
6.061E-01 1.400E-01
1.698E-01 5.000E-01
2.169E-01 5.850E-01
1.190E+00 0.000E+00
0.000E+00 0.000E+00
1.000E+00 0.000E+00
8.333E-02 6.364E-01
4.286E-01 5.882E-02
2.500E-01 5.000E+00
4.211E-01 4.082E-01
2.144E+00 3.003E-03
9.709E-03 2.948E-02
0.000E+00 4.286E-01
7.338E-03 7.637E-03
3.704E-02 8.658E-03
0.000E+00 1.875E-02
1.522E-01 2.174E-02
9.756E-02 2.143E-02
0.000E+00 7.907E-02
2.703E-01 3.008E-02
1.000E-01 3.685E-02
1.731E-01 4.000E-01
6.221E-02 1.556E-01
0.000E+00 6.250E-02
1.200E-01 0.000E+00
2.500E-01 2.500E-01
6.061E-01 0.000E+00
0.000E+00 5.161E-02
2.295E-01 0.000E+00
1.082E-01 2.219E-01
7.778E-01 6.667E-02
1.667E-01 0.000E+00
2.222E-01 4.772E-01
1.165E+00 0.000E+00
0.000E+00 6.061E-02
3.333E-01 2.000E+00
2.842E-01 3.868E-01
5.000E-01 9.677E-02
4.194E-01 0.000E+00
3.673E-01 6.713E-01
1.575E+00 7.435E-03
1.207E-02 2.019E-02
1.515E-02 1.406E-01
9.025E-03 1.449E-02
0.000E+00 3.776E-02
6.818E-02 5.186E-02
1.111E-01 6.939E-02
1.618E-01 1.000E-01
0.000E+00 1.636E-01
0.000E+00 4.317E-02
7.500E-02 9.491E-02
1.780E-01 2.000E-01
1.326E-01 2.425E-01
8.736E-01 2.619E-01
3.714E-01 2.000E+00
2.297E-01 3.605E-01
6.147E-01 0.000E+00
0.000E+00 9.756E-02
1.707E-01 5.000E-01
1.585E-01 3.315E-01
6.061E-01 1.400E-01
1.698E-01 5.000E-01
2.169E-01 5.850E-01
1.190E+00 0.000E+00
0.000E+00 0.000E+00
1.000E+00 0.000E+00
8.333E-02 6.364E-01
4.286E-01 5.882E-02
2.500E-01 5.000E+00
4.211E-01 4.082E-01
2.144E+00 3.003E-03
9.709E-03 2.948E-02
0.000E+00 4.286E-01
7.338E-03 7.637E-03
3.704E-02 8.658E-03
0.000E+00 1.875E-02
1.522E-01 2.174E-02
9.756E-02 2.143E-02
0.000E+00 7.907E-02
2.703E-01 3.008E-02
1.000E-01 3.685E-02
1.731E-01 4.000E-01
6.221E-02 1.556E-01
0.000E+00 6.250E-02
1.200E-01 0.000E+00
2.500E-01 2.500E-01
6.061E-01 0.000E+00
0.000E+00 5.161E-02
2.295E-01 0.000E+00
1.082E-01 2.219E-01
7.778E-01 6.667E-02
1.667E-01 0.000E+00
2.222E-01 4.772E-01
1.165E+00 0.000E+00
0.000E+00 6.061E-02
3.333E-01 2.000E+00
2.842E-01 3.868E-01
5.000E-01 9.677E-02
4.194E-01 0.000E+00
3.673E-01 6.713E-01
1.575E+00 7.435E-03
1.207E-02 2.019E-02
1.515E-02 1.406E-01
9.025E-03 1.449E-02
0.000E+00 3.776E-02
6.818E-02 5.186E-02
1.111E-01 6.939E-02
1.618E-01 1.000E-01
0.000E+00 1.636E-01
0.000E+00 4.317E-02
7.500E-02 9.491E-02
1.780E-01 2.000E-01
1.326E-01 2.425E-01
8.736E-01 2.619E-01
3.714E-01 2.000E+00
2.297E-01 3.605E-01
6.147E-01 0.000E+00
0.000E+00 9.756E-02
1.707E-01 5.000E-01
1.585E-01 3.315E-01
6.061E-01 1.400E-01
1.698E-01 5.000E-01
2.169E-01 5.850E-01
1.190E+00 0.000E+00
0.000E+00 0.000E+00
1.000E+00 0.000E+00
8.333E-02 6.364E-01
4.286E-01 5.882E-02
2.500E-01 5.000E+00
4.211E-01 4.082E-01
2.144E+00 3.003E-03
9.709E-03 2.948E-02
0.000E+00 4.286E-01
7.338E-03 7.637E-03
3.704E-02 8.658E-03
0.000E+00 1.875E-02
1.522E-01 2.174E-02
9.756E-02 2.143E-02
0.000E+00 7.907E-02
2.703E-01 3.008E-02
1.000E-01 3.685E-02
1.731E-01 4.000E-01
6.221E-02 1.556E-01
0.000E+00 6.250E-02
1.200E-01 0.000E+00
2.500E-01 2.500E-01
6.061E-01 0.000E+00
0.000E+00 5.161E-02
2.295E-01 0.000E+00
1.082E-01 2.219E-01
7.778E-01 6.667E-02
1.667E-01 0.000E+00
2.222E-01 4.772E-01
1.165E+00 0.000E+00
0.000E+00 6.061E-02
3.333E-01 2.000E+00
2.842E-01 3.868E-01
5.000E-01 9.677E-02
4.194E-01 0.000E+00
3.673E-01 6.713E-01
1.575E+00 7.435E-03
1.207E-02 2.019E-02
1.515E-02 1.406E-01
9.025E-03 1.449E-02
0.000E+00 3.776E-02
6.818E-02 5.186E-02
1.111E-01 6.939E-02
1.618E-01 1.000E-01
0.000E+00 1.636E-01
0.000E+00 4.317E-02
7.500E-02 9.491E-02
1.780E-01 2.000E-01
1.326E-01 2.425E-01
8.736E-01 2.619E-01
3.714E-01 2.000E+00
2.297E-01 3.605E-01
6.147E-01 0.000E+00
0.000E+00 9.756E-02
1.707E-01 5.000E-01
1.585E-01 3.315E-01
6.061E-01 1.400E-01
1.698E-01 5.000E-01
2.169E-01 5.850E-01
1.190E+00 0.000E+00
0.000E+00 0.000E+00
1.000E+00 0.000E+00
8.333E-02 6.364E-01
4.286E-01 5.882E-02
2.500E-01 5.000E+00
4.211E-01 4.082E-01
2.144E+00 3.003E-03
9.709E-03 2.948E-02
0.000E+00 4.286E-01
7.338E-03 7.637E-03
3.704E-02 8.658E-03
0.000E+00 1.875E-02
1.522E-01 2.174E-02
9.756E-02 2.143E-02
0.000E+00 7.907E-02
2.703E-01 3.008E-02
1.000E-01 3.685E-02
1.731E-01 4.000E-01
6.221E-02 1.556E-01
0.000E+00 6.250E-02
1.200E-01 0.000E+00
2.500E-01 2.500E-01
6.061E-01 0.000E+00
0.000E+00 5.161E-02
2.295E-01 0.000E+00
1.082E-01 2.219E-01
7.778E-01 6.667E-02
1.667E-01 0.000E+00
2.222E-01 4.772E-01
1.165E+00 0.000E+00
0.000E+00 6.061E-02
3.333E-01 2.000E+00
2.842E-01 3.868E-01
5.000E-01 9.677E-02
4.194E-01 0.000E+00
3.673E-01 6.713E-01
1.575E+00 7.435E-03
1.207E-02 2.019E-02
1.515E-02 1.406E-01
9.025E-03 1.449E-02
0.000E+00 3.776E-02
6.818E-02 5.186E-02
1.111E-01 6.939E-02
1.618E-01 1.000E-01
0.000E+00 1.636E-01
0.000E+00 4.317E-02
7.500E-02 9.491E-02
1.780E-01 2.000E-01
1.326E-01 2.425E-01
8.736E-01 2.619E-01
3.714E-01 2.000E+00
2.297E-01 3.605E-01
6.147E-01 0.000E+00
0.000E+00 9.756E-02
1.707E-01 5.000E-01
1.585E-01 3.315E-01
6.061E-01 1.400E-01
1.698E-01 5.000E-01
2.169E-01 5.850E-01
1.190E+00 0.000E+00
0.000E+00 0.000E+00
1.000E+00 0.000E+00
8.333E-02 6.364E-01
4.286E-01 5.882E-02
2.500E-01 5.000E+00
4.211E-01 4.082E-01
2.144E+00 3.003E-03
9.709E-03 2.948E-02
0.000E+00 4.286E-01
7.338E-03 7.637E-03
3.704E-02 8.658E-03
0.000E+00 1.875E-02
1.522E-01 2.174E-02
9.756E-02 2.143E-02
0.000E+00 7.907E-02
2.703E-01 3.008E-02
1.000E-01 3.685E-02
1.731E-01 4.000E-01
6.221E-02 1.556E-01
0.000E+00 6.250E-02
1.200E-01 0.000E+00
2.500E-01 2.500E-01
6.061E-01 0.000E+00
0.000E+00 5.161E-02
2.295E-01 0.000E+00
1.082E-01 2.219E-01
7.778E-01 6.667E-02
1.667E-01 0.000E+00
2.222E-01 4.772E-01
1.165E+00 0.000E+00
0.000E+00 6.061E-02
3.333E-01 2.000E+00
2.842E-01 3.868E-01
5.000E-01 9.677E-02
4.194E-01 0.000E+00
3.673E-01 6.713E-01
1.575E+00 7.435E-03
1.207E-02 2.019E-02
1.515E-02 1.406E-01
9.025E-03 1.449E-02
0.000E+00 3.776E-02
6.818E-02 5.186E-02
1.111E-01 6.939E-02
1.618E-01 1.000E-01
0.000E+00 1.636E-01
0.000E+00 4.317E-02
7.500E-02 9.491E-02
1.780E-01 2.000E-01
1.326E-01 2.425E-01
8.736E-01 2.619E-01
3.714E-01 2.000E+00
2.297E-01 3.605E-01
6.147E-01 0.000E+00
0.000E+00 9.756E-02
1.707E-01 5.000E-01
1.585E-01 3.315E-01
6.061E-01 1.400E-01
1.698E-01 5.000E-01
2.169E-01 5.850E-01
1.190E+00 0.000E+00
0.000E+00 0.000E+00
1.000E+00 0.000E+00
8.333E-02 6.364E-01
4.286E-01 5.882E-02
2.500E-01 5.000E+00
4.211E-01 4.082E-01
2.144E+00 3.003E-03
9.709E-03 2.948E-02
0.000E+00 4.286E-01
7.338E-03 7.637E-03
3.704E-02 8.658E-03
0.000E+00 1.875E-02
1.522E-01 2.174E-02
9.756E-02 2.143E-02
0.000E+00 7.907E-02
2.703E-01 3.008E-02
1.000E-01 3.685E-02
1.731E-01 4.000E-01
6.221E-02 1.556E-01
0.000E+00 6.250E-02
1.200E-01 0.000E+00
2.500E-01 2.500E-01
6.061E-01 0.000E+00
0.000E+00 5.161E-02
2.295E-01 0.000E+00
1.082E-01 2.219E-01
7.778E-01 6.667E-02
1.667E-01 0.000E+00
2.222E-01 4.772E-01
1.165E+00 0.000E+00
0.000E+00 6.061E-02
3.333E-01 2.000E+00
2.842E-01 3.868E-01
5.000E-01 9.677E-02
4.194E-01 0.000E+00
3.673E-01 6.713E-01
1.575E+00 7.435E-03
1.207E-02 2.019E-02
1.515E-02 1.406E-01
9.025E-03 1.449E-02
0.000E+00 3.776E-02
6.818E-02 5.186E-02
1.111E-01 6.939E-02
1.618E-01 1.000E-01
0.000E+00 1.636E-01
0.000E+00 4.317E-02
7.500E-02 9.491E-02
1.780E-01 2.000E-01
1.326E-01 2.425E-01
8.736E-01 2.619E-01
3.714E-01 2.000E+00
2.297E-01 3.605E-01
6.147E-01 0.000E+00
0.000E+00 9.756E-02
1.707E-01 5.000E-01
1.585E-01 3.315E-01
6.061E-01 1.400E-01
1.698E-01 5.000E-01
2.169E-01 5.850E-01
1.190E+00 0.000E+00
0.000E+00 0.000E+00
1.000E+00 0.000E+00
8.333E-02 6.364E-01
4.286E-01 5.882E-02
2.500E-01 5.000E+00
4.211E-01 4.082E-01
2.144E+00 3.003E-03
9.709E-03 2.948E-02
0.000E+00 4.286E-01
7.338E-03 7.637E-03
3.704E-02 8.658E-03
0.000E+00 1.875E-02
1.522E-01 2.174E-02
9.756E-02 2.143E-02
0.000E+00 7.907E-02
2.703E-01 3.008E-02
1.000E-01 3.685E-02
1.731E-01 4.000E-01
6.221E-02 1.556E-01
0.000E+00 6.250E-02
1.200E-01 0.000E+00
2.500E-01 2.500E-01
6.061E-01 0.000E+00
0.000E+00 5.161E-02
2.295E-01 0.000E+00
1.082E-01 2.219E-01
7.778E-01 6.667E-02
1.667E-01 0.000E+00
2.222E-01 4.772E-01
1.165E+00 0.000E+00
0.000E+00 6.061E-02
3.333E-01 2.000E+00
2.842E-01 3.868E-01
5.000E-01 9.677E-02
4.194E-01 0.000E+00
3.673E-01 6.713E-01
1.575E+00 7.435E-03
1.207E-02 2.019E-02
1.515E-02 1.406E-01
9.025E-03 1.449E-02
0.000E+00 3.776E-02
6.818E-02 5.186E-02
1.111E-01 6.939E-02
1.618E-01 1.000E-01
0.000E+00 1.636E-01
0.000E+00 4.317E-02
7.500E-02 9.491E-02
1.780E-01 2.000E-01
1.326E-01 2.425E-01
8.736E-01 2.619E-01
3.714E-01 2.000E+00
2.297E-01 3.605E-01
6.147E-01 0.000E+00
0.000E+00 9.756E-02
1.707E-01 5.000E-01
1.585E-01 3.315E-01
6.061E-01 1.400E-01
1.698E-01 5.000E-01
2.169E-01 5.850E-01
1.190E+00 0.000E+00
0.000E+00 0.000E+00
1.000E+00 0.000E+00
8.333E-02 6.364E-01
4.286E-01 5.882E-02
2.500E-01 5.000E+00
4.211E-01 4.082E-01
2.144E+00 3.003E-03
9.709E-03 2.948E-02
0.000E+00 4.286E-01
7.338E-03 7.637E-03
3.704E-02 8.658E-03
0.000E+00 1.875E-02
1.522E-01 2.174E-02
9.756E-02 2.143E-02
0.000E+00 7.907E-02
2.703E-01 3.008E-02
1.000E-01 3.685E-02
1.731E-01 4.000E-01
6.221E-02 1.556E-01
0.000E+00 6.250E-02
1.200E-01 0.000E+00
2.500E-01 2.500E-01
6.061E-01 0.000E+00
0.000E+00 5.161E-02
2.295E-01 0.000E+00
1.082E-01 2.219E-01
7.778E-01 6.667E-02
1.667E-01 0.000E+00
2.222E-01 4.772E-01
1.165E+00 0.000E+00
0.000E+00 6.061E-02
3.333E-01 2.000E+00
2.842E-01 3.868E-01
5.000E-01 9.677E-02
4.194E-01 0.000E+00
3.673E-01 6.713E-01
1.575E+00 7.435E-03
1.207E-02 2.019E-02
1.515E-02 1.406E-01
9.025E-03 1.449E-02
0.000E+00 3.776E-02
6.818E-02 5.186E-02
1.111E-01 6.939E-02
1.618E-01 1.000E-01
0.000E+00 1.636E-01
0.000E+00 4.317E-02
7.500E-02 9.491E-02
1.780E-01 2.000E-01
1.326E-01 2.425E-01
8.736E-01 2.619E-01
3.714E-01 2.000E+00
2.297E-01 3.605E-01
6.147E-01 0.000E+00
0.000E+00 9.756E-02
1.707E-01 5.000E-01
1.585E-01 3.315E-01
6.061E-01 1.400E-01
1.698E-01 5.000E-01
2.169E-01 5.850E-01
1.190E+00 0.000E+00
0.000E+00 0.000E+00
1.000E+00 0.000E+00
8.333E-02 6.364E-01
4.286E-01 5.882E-02
2.500E-01 5.000E+00
4.211E-01 4.082E-01
2.144E+00 3.003E-03
9.709E-03 2.948E-02
0.000E+00 4.286E-01
7.338E-03 7.637E-03
3.704E-02 8.658E-03
0.000E+00 1.875E-02
1.522E-01 2.174E-02
9.756E-02 2.143E-02
0.000E+00 7.907E-02
2.703E-01 3.008E-02
1.000E-01 3.685E-02
1.731E-01 4.000E-01
6.221E-02 1.556E-01
0.000E+00 6.250E-02
1.200E-01 0.000E+00
2.500E-01 2.500E-01
6.061E-01 0.000E+00
0.000E+00 5.161E-02
2.295E-01 0.000E+00
1.082E-01 2.219E-01
7.778E-01 6.667E-02
1.667E-01 0.000E+00
2.222E-01 4.772E-01
1.165E+00 0.000E+00
0.000E+00 6.061E-02
3.333E-01 2.000E+00
2.842E-01 3.868E-01
5.000E-01 9.677E-02
4.194E-01 0.000E+00
3.673E-01 6.713E-01
1.575E+00 7.435E-03
1.207E-02 2.019E-02
1.515E-02 1.406E-01
9.025E-03 1.449E-02
0.000E+00 3.776E-02
6.818E-02 5.186E-02
1.111E-01 6.939E-02
1.618E-01 1.000E-01
0.000E+00 1.636E-01
0.000E+00 4.317E-02
7.500E-02 9.491E-02
1.780E-01 2.000E-01
1.326E-01 2.425E-01
8.736E-01 2.619E-01
3.714E-01 2.000E+00
2.297E-01 3.605E-01
6.147E-01 0.000E+00
0.000E+00 9.756E-02
1.707E-01 5.000E-01
1.585E-01 3.315E-01
6.061E-01 1.400E-01
1.698E-01 5.000E-01
2.169E-01 5.850E-01
1.190E+00 0.000E+00
0.000E+00 0.000E+00
1.000E+00 0.000E+00
8.333E-02 6.364E-01
4.286E-01 5.882E-02
2.500E-01 5.000E+00
4.211E-01 4.082E-01
2.144E+00 3.003E-03
9.709E-03 2.948E-02
0.000E+00 4.286E-01
7.338E-03 7.637E-03
3.704E-02 8.658E-03
0.000E+00 1.875E-02
1.522E-01 2.174E-02
9.756E-02 2.143E-02
0.000E+00 7.907E-02
2.703E-01 3.008E-02
1.000E-01 3.685E-02
1.731E-01 4.000E-01
6.221E-02 1.556E-01
0.000E+00 6.250E-02
1.200E-01 0.000E+00
2.500E-01 2.500E-01
6.061E-01 0.000E+00
0.000E+00 5.161E-02
2.295E-01 0.000E+00
1.082E-01 2.219E-01
7.778E-01 6.667E-02
1.667E-01 0.000E+00
2.222E-01 4.772E-01
1.165E+00 0.000E+00
0.000E+00 6.061E-02
3.333E-01 2.000E+00
2.842E-01 3.868E-01
5.000E-01 9.677E-02
4.194E-01 0.000E+00
3.673E-01 6.713E-01
1.575E+00 7.435E-03
1.207E-02 2.019E-02
1.515E-02 1.406E-01
9.025E-03 1.449E-02
0.000E+00 3.776E-02
6.818E-02 5.186E-02
1.111E-01 6.939E-02
1.618E-01 1.000E-01
0.000E+00 1.636E-01
0.000E+00 4.317E-02
7.500E-02 9.491E-02
1.780E-01 2.000E-01
1.326E-01 2.425E-01
8.736E-01 2.619E-01
3.714E-01 2.000E+00
2.297E-01 3.605E-01
6.147E-01 0.000E+00
0.000E+00 9.756E-02
1.707E-01 5.000E-01
1.585E-01 3.315E-01
6.061E-01 1.400E-01
1.698E-01 5.000E-01
2.169E-01 5.850E-01
1.190E+00 0.000E+00
0.000E+00 0.000E+00
1.000E+00 0.000E+00
8.333E-02 6.364E-01
4.286E-01 5.882E-02
2.500E-01 5.000E+00
4.211E-01 4.082E-01
2.144E+00 3.003E-03
9.709E-03 2.948E-02
0.000E+00 4.286E-01
7.338E-03 7.637E-03
3.704E-02 8.658E-03
0.000E+00 1.875E-02
1.522E-01 2.174E-02
9.756E-02 2.143E-02
0.000E+00 7.907E-02
2.703E-01 3.008E-02
1.000E-01 3.685E-02
1.731E-01 4.000E-01
6.221E-02 1.556E-01
0.000E+00 6.250E-02
1.200E-01 0.000E+00
2.500E-01 2.500E-01
6.061E-01 0.000E+00
0.000E+00 5.161E-02
2.295E-01 0.000E+00
1.082E-01 2.219E-01
7.778E-01 6.667E-02
1.667E-01 0.000E+00
2.222E-01 4.772E-01
1.165E+00 0.000E+00
0.000E+00 6.061E-02
3.333E-01 2.000E+00
2.842E-01 3.868E-01
5.000E-01 9.677E-02
4.194E-01 0.000E+00
3.673E-01 6.713E-01
1.575E+00 7.435E-03
1.207E-02 2.019E-02
1.515E-02 1.406E-01
9.025E-03 1.449E-02
0.000E+00 3.776E-02
6.818E-02 5.186E-02
1.111E-01 6.939E-02
1.618E-01 1.000E-01
0.000E+00 1.636E-01
0.000E+00 4.317E-02
7.500E-02 9.491E-02
1.780E-01 2.000E-01
1.326E-01 2.425E-01
8.736E-01 2.619E-01
3.714E-01 2.000E+00
2.297E-01 3.605E-01
6.147E-01 0.000E+00
0.000E+00 9.756E-02
1.707E-01 5.000E-01
1.585E-01 3.315E-01
6.061E-01 1.400E-01
1.698E-01 5.000E-01
2.169E-01 5.850E-01
1.190E+00 0.000E+00
0.000E+00 0.000E+00
1.000E+00 0.000E+00
8.333E-02 6.364E-01
4.286E-01 5.882E-02
2.500E-01 5.000E+00
4.211E-01 4.082E-01
2.144E+00 3.003E-03
9.709E-03 2.948E-02
0.000E+00 4.286E-01
7.338E-03 7.637E-03
3.704E-02 8.658E-03
0.000E+00 1.875E-02
1.522E-01 2.174E-02
9.756E-02 2.143E-02
0.000E+00 7.907E-02
2.703E-01 3.008E-02
1.000E-01 3.685E-02
1.731E-01 4.000E-01
6.221E-02 1.556E-01
0.000E+00 6.250E-02
1.200E-01 0.000E+00
2.500E-01 2.500E-01
6.061E-01 0.000E+00
0.000E+00 5.161E-02
2.295E-01 0.000E+00
1.082E-01 2.219E-01
7.778E-01 6.667E-02
1.667E-01 0.000E+00
2.222E-01 4.772E-01
1.165E+00 0.000E+00
0.000E+00 6.061E-02
3.333E-01 2.000E+00
2.842E-01 3.868E-01
5.000E-01 9.677E-02
4.194E-01 0.000E+00
3.673E-01 6.713E-01
1.575E+00 7.435E-03
1.207E-02 2.019E-02
1.515E-02 1.406E-01
9.025E-03 1.449E-02
0.000E+00 3.776E-02
6.818E-02 5.186E-02
1.111E-01 6.939E-02
1.618E-01 1.000E-01
0.000E+00 1.636E-01
0.000E+00 4.317E-02
7.500E-02 9.491E-02
1.780E-01 2.000E-01
1.326E-01 2.425E-01
8.736E-01 2.619E-01
3.714E-01 2.000E+00
2.297E-01 3.605E-01
6.147E-01 0.000E+00
0.000E+00 9.756E-02
1.707E-01 5.000E-01
1.585E-01 3.315E-01
6.061E-01 1.400E-01
1.698E-01 5.000E-01
2.169E-01 5.850E-01
1.190E+00 0.000E+00
0.000E+00 0.000E+00
1.000E+00 0.000E+00
8.333E-02 6.364E-01
4.286E-01 5.882E-02
2.500E-01 5.000E+00
4.211E-01 4.082E-01
2.144E+00 3.003E-03
9.709E-03 2.948E-02
0.000E+00 4.286E-01
7.338E-03 7.637E-03
3.704E-02 8.658E-03
0.000E+00 1.875E-02
1.522E-01 2.174E-02
9.756E-02 2.143E-02
0.000E+00 7.907E-02
2.703E-01 3.008E-02
1.000E-01 3.685E-02
1.731E-01 4.000E-01
6.221E-02 1.556E-01
0.000E+00 6.250E-02
1.200E-01 0.000E+00
2.500E-01 2.500E-01
6.061E-01 0.000E+00
0.000E+00 5.161E-02
2.295E-01 0.000E+00
1.082E-01 2.219E-01
7.778E-01 6.667E-02
1.667E-01 0.000E+00
2.222E-01 4.772E-01
1.165E+00 0.000E+00
0.000E+00 6.061E-02
3.333E-01 2.000E+00
2.842E-01 3.868E-01
5.000E-01 9.677E-02
4.194E-01 0.000E+00
3.673E-01 6.713E-01
1.575E+00 7.435E-03
1.207E-02 2.019E-02
1.515E-02 1.406E-01
9.025E-03 1.449E-02
0.000E+00 3.776E-02
6.818E-02 5.186E-02
1.111E-01 6.939E-02
1.618E-01 1.000E-01
0.000E+00 1.636E-01
0.000E+00 4.317E-02
7.500E-02 9.491E-02
1.780E-01 2.000E-01
1.326E-01 2.425E-01
8.736E-01 2.619E-01
3.714E-01 2.000E+00
2.297E-01 3.605E-01
6.147E-01 0.000E+00
0.000E+00 9.756E-02
1.707E-01 5.000E-01
1.585E-01 3.315E-01
6.061E-01 1.400E-01
1.698E-01 5.000E-01
2.169E-01 5.850E-01
1.190E+00 0.000E+00
0.000E+00 0.000E+00
1.000E+00 0.000E+00
8.333E-02 6.364E-01
4.286E-01 5.882E-02
2.500E-01 5.000E+00
4.211E-01 4.082E-01
2.144E+00 3.003E-03
9.709E-03 2.948E-02
0.000E+00 4.286E-01
7.338E-03 7.637E-03
3.704E-02 8.658E-03
0.000E+00 1.875E-02
1.522E-01 2.174E-02
9.756E-02 2.143E-02
0.000E+00 7.907E-02
2.703E-01 3.008E-02
1.000E-01 3.685E-02
1.731E-01 4.000E-01
6.221E-02 1.556E-01
0.000E+00 6.250E-02
1.200E-01 0.000E+00
2.500E-01 2.500E-01
6.061E-01 0.000E+00
0.000E+00 5.161E-02
2.295E-01 0.000E+00
1.082E-01 2.219E-01
7.778E-01 6.667E-02
1.667E-01 0.000E+00
2.222E-01 4.772E-01
1.165E+00 0.000E+00
0.000E+00 6.061E-02
3.333E-01 2.000E+00
2.842E-01 3.868E-01
5.000E-01 9.677E-02
4.194E-01 0.000E+00
3.673E-01 6.713E-01
1.575E+00 7.435E-03
1.207E-02 2.019E-02
1.515E-02 1.406E-01
9.025E-03 1.449E-02
0.000E+00 3.776E-02
6.818E-02 5.186E-02
1.111E-01 6.939E-02
1.618E-01 1.000E-01
0.000E+00 1.636E-01
0.000E+00 4.317E-02
7.500E-02 9.491E-02
1.780E-01 2.000E-01
1.326E-01 2.425E-01
8.736E-01 2.619E-01
3.714E-01 2.000E+00
2.297E-01 3.605E-01
6.147E-01 0.000E+00
0.000E+00 9.756E-02
1.707E-01 5.000E-01
1.585E-01 3.315E-01
6.061E-01 1.400E-01
1.698E-01 5.000E-01
2.169E-01 5.850E-01
1.190E+00 0.000E+00
0.000E+00 0.000E+00
1.000E+00 0.000E+00
8.333E-02 6.364E-01
4.286E-01 5.882E-02
2.500E-01 5.000E+00
4.211E-01 4.082E-01
2.144E+00 3.003E-03
9.709E-03 2.948E-02
0.000E+00 4.286E-01
7.338E-03 7.637E-03
3.704E-02 8.658E-03
0.000E+00 1.875E-02
1.522E-01 2.174E-02
9.756E-02 2.143E-02
0.000E+00 7.907E-02
2.703E-01 3.008E-02
1.000E-01 3.685E-02
1.731E-01 4.000E-01
6.221E-02 1.556E-01
0.000E+00 6.250E-02
1.200E-01 0.000E+00
2.500E-01 2.500E-01
6.061E-01 0.000E+00
0.000E+00 5.161E-02
2.295E-01 0.000E+00
1.082E-01 2.219E-01
7.778E-01 6.667E-02
1.667E-01 0.000E+00
2.222E-01 4.772E-01
1.165E+00 0.000E+00
0.000E+00 6.061E-02
3.333E-01 2.000E+00
2.842E-01 3.868E-01
5.000E-01 9.677E-02
4.194E-01 0.000E+00
3.673E-01 6.713E-01
1.575E+00 7.435E-03
1.207E-02 2.019E-02
1.515E-02 1.406E-01
9.025E-03 1.449E-02
0.000E+00 3.776E-02
6.818E-02 5.186E-02
1.111E-01 6.939E-02
1.618E-01 1.000E-01
0.000E+00 1.636E-01
0.000E+00 4.317E-02
7.500E-02 9.491E-02
1.780E-01 2.000E-01
1.326E-01 2.425E-01
8.736E-01 2.619E-01
3.714E-01 2.000E+00
2.297E-01 3.605E-01
6.147E-01 0.000E+00
0.000E+00 9.756E-02
1.707E-01 5.000E-01
1.585E-01 3.315E-01
6.061E-01 1.400E-01
1.698E-01 5.000E-01
2.169E-01 5.850E-01
1.190E+00 0.000E+00
0.000E+00 0.000E+00
1.000E+00 0.000E+00
8.333E-02 6.364E-01
4.286E-01 5.882E-02
2.500E-01 5.000E+00
4.211E-01 4.082E-01
2.144E+00 3.003E-03
9.709E-03 2.948E-02
0.000E+00 4.286E-01
7.338E-03 7.637E-03
3.704E-02 8.658E-03
0.000E+00 1.875E-02
1.522E-01 2.174E-02
9.756E-02 2.143E-02
0.000E+00 7.907E-02
2.703E-01 3.008E-02
1.000E-01 3.685E-02
1.731E-01 4.000E-01
6.221E-02 1.556E-01
0.000E+00 6.250E-02
1.200E-01 0.000E+00
2.500E-01 2.500E-01
6.061E-01 0.000E+00
0.000E+00 5.161E-02
2.295E-01 0.000E+00
1.082E-01 2.219E-01
7.778E-01 6.667E-02
1.667E-01 0.000E+00
2.222E-01 4.772E-01
1.165E+00 0.000E+00
0.000E+00 6.061E-02
3.333E-01 2.000E+00
2.842E-01 3.868E-01
5.000E-01 9.677E-02
4.194E-01 0.000E+00
3.673E-01 6.713E-01
1.575E+00 7.435E-03
1.207E-02 2.019E-02
1.515E-02 1.406E-01
9.025E-03 1.449E-02
0.000E+00 3.776E-02
6.818E-02 5.186E-02
1.111E-01 6.939E-02
1.618E-01 1.000E-01
0.000E+00 1.636E-01
0.000E+00 4.317E-02
7.500E-02 9.491E-02
1.780E-01 2.000E-01
1.326E-01 2.425E-01
8.736E-01 2.619E-01
3.714E-01 2.000E+00
2.297E-01 3.605E-01
6.147E-01 0.000E+00
0.000E+00 9.756E-02
1.707E-01 5.000E-01
1.585E-01 3.315E-01
6.061E-01 1.400E-01
1.698E-01 5.000E-01
2.169E-01 5.850E-01
1.190E+00 0.000E+00
0.000E+00 0.000E+00
1.000E+00 0.000E+00
8.333E-02 6.364E-01
4.286E-01 5.882E-02
2.500E-01 5.000E+00
4.211E-01 4.082E-01
2.144E+00 3.003E-03
9.709E-03 2.948E-02
0.000E+00 4.286E-01
7.338E-03 7.637E-03
3.704E-02 8.658E-03
0.000E+00 1.875E-02
1.522E-01 2.174E-02
9.756E-02 2.143E-02
0.000E+00 7.907E-02
2.703E-01 3.008E-02
1.000E-01 3.685E-02
1.731E-01 4.000E-01
6.221E-02 1.556E-01
0.000E+00 6.250E-02
1.200E-01 0.000E+00
2.500E-01 2.500E-01
6.061E-01 0.000E+00
0.000E+00 5.161E-02
2.295E-01 0.000E+00
1.082E-01 2.219E-01
7.778E-01 6.667E-02
1.667E-01 0.000E+00
2.222E-01 4.772E-01
1.165E+00 0.000E+00
0.000E+00 6.061E-02
3.333E-01 2.000E+00
2.842E-01 3.868E-01
5.000E-01 9.677E-02
4.194E-01 0.000E+00
3.673E-01 6.713E-01
1.575E+00 7.435E-03
1.207E-02 2.019E-02
1.515E-02 1.406E-01
9.025E-03 1.449E-02
0.000E+00 3.776E-02
6.818E-02 5.186E-02
1.111E-01 6.939E-02
1.618E-01 1.000E-01
0.000E+00 1.636E-01
0.000E+00 4.317E-02
7.500E-02 9.491E-02
1.780E-01 2.000E-01
1.326E-01 2.425E-01
8.736E-01 2.619E-01
3.714E-01 2.000E+00
2.297E-01 3.605E-01
6.147E-01 0.000E+00
0.000E+00 9.756E-02
1.707E-01 5.000E-01
1.585E-01 3.315E-01
6.061E-01 1.400E-01
1.698E-01 5.000E-01
2.169E-01 5.850E-01
1.190E+00 0.000E+00
0.000E+00 0.000E+00
1.000E+00 0.000E+00
8.333E-02 6.364E-01
4.286E-01 5.882E-02
2.500E-01 5.000E+00
4.211E-01 4.082E-01
2.144E+00 3.003E-03
9.709E-03 2.948E-02
0.000E+00 4.286E-01
7.338E-03 7.637E-03
3.704E-02 8.658E-03
0.000E+00 1.875E-02
1.522E-01 2.174E-02
9.756E-02 2.143E-02
0.000E+00 7.907E-02
2.703E-01 3.008E-02
1.000E-01 3.685E-02
1.731E-01 4.000E-01
6.221E-02 1.556E-01
0.000E+00 6.250E-02
1.200E-01 0.000E+00
2.500E-01 2.500E-01
6.061E-01 0.000E+00
0.000E+00 5.161E-02
2.295E-01 0.000E+00
1.082E-01 2.219E-01
7.778E-01 6.667E-02
1.667E-01 0.000E+00
2.222E-01 4.772E-01
1.165E+00 0.000E+00
0.000E+00 6.061E-02
3.333E-01 2.000E+00
2.842E-01 3.868E-01
5.000E-01 9.677E-02
4.194E-01 0.000E+00
3.673E-01 6.713E-01
1.575E+00 7.435E-03
1.207E-02 2.019E-02
1.515E-02 1.406E-01
9.025E-03 1.449E-02
0.000E+00 3.776E-02
6.818E-02 5.186E-02
1.111E-01 6.939E-02
1.618E-01 1.000E-01
0.000E+00 1.636E-01
0.000E+00 4.317E-02
7.500E-02 9.491E-02
1.780E-01 2.000E-01
1.326E-01 2.425E-01
8.736E-01 2.619E-01
3.714E-01 2.000E+00
2.297E-01 3.605E-01
6.147E-01 0.000E+00
0.000E+00 9.756E-02
1.707E-01 5.000E-01
1.585E-01 3.315E-01
6.061E-01 1.400E-01
1.698E-01 5.000E-01
2.169E-01 5.850E-01
1.190E+00 0.000E+00
0.000E+00 0.000E+00
1.000E+00 0.000E+00
8.333E-02 6.364E-01
4.286E-01 5.882E-02
2.500E-01 5.000E+00
4.211E-01 4.082E-01
2.144E+00 3.003E-03
9.709E-03 2.948E-02
0.000E+00 4.286E-01
7.338E-03 7.637E-03
3.704E-02 8.658E-03
0.000E+00 1.875E-02
1.522E-01 2.174E-02
9.756E-02 2.143E-02
0.000E+00 7.907E-02
2.703E-01 3.008E-02
1.000E-01 3.685E-02
1.731E-01 4.000E-01
6.221E-02 1.556E-01
0.000E+00 6.250E-02
1.200E-01 0.000E+00
2.500E-01 2.500E-01
6.061E-01 0.000E+00
0.000E+00 5.161E-02
2.295E-01 0.000E+00
1.082E-01 2.219E-01
7.778E-01 6.667E-02
1.667E-01 0.000E+00
2.222E-01 4.772E-01
1.165E+00 0.000E+00
0.000E+00 6.061E-02
3.333E-01 2.000E+00
2.842E-01 3.868E-01
5.000E-01 9.677E-02
4.194E-01 0.000E+00
3.673E-01 6.713E-01
1.575E+00 7.435E-03
1.207E-02 2.019E-02
1.515E-02 1.406E-01
9.025E-03 1.449E-02
0.000E+00 3.776E-02
6.818E-02 5.186E-02
1.111E-01 6.939E-02
1.618E-01 1.000E-01
0.000E+00 1.636E-01
0.000E+00 4.317E-02
7.500E-02 9.491E-02
1.780E-01 2.000E-01
1.326E-01 2.425E-01
8.736E-01 2.619E-01
3.714E-01 2.000E+00
2.297E-01 3.605E-01
6.147E-01 0.000E+00
0.000E+00 9.756E-02
1.707E-01 5.000E-01
1.585E-01 3.315E-01
6.061E-01 1.400E-01
1.698E-01 5.000E-01
2.169E-01 5.850E-01
1.190E+00 0.000E+00
0.000E+00 0.000E+00
1.000E+00 0.000E+00
8.333E-02 6.364E-01
4.286E-01 5.882E-02
2.500E-01 5.000E+00
4.211E-01 4.082E-01
2.144E+00 3.003E-03
9.709E-03 2.948E-02
0.000E+00 4.286E-01
7.338E-03 7.637E-03
3.704E-02 8.658E-03
0.000E+00 1.875E-02
1.522E-01 2.174E-02
9.756E-02 2.143E-02
0.000E+00 7.907E-02
2.703E-01 3.008E-02
1.000E-01 3.685E-02
1.731E-01 4.000E-01
6.221E-02 1.556E-01
0.000E+00 6.250E-02
1.200E-01 0.000E+00
2.500E-01 2.500E-01
6.061E-01 0.000E+00
0.000E+00 5.161E-02
2.295E-01 0.000E+00
1.082E-01 2.219E-01
7.778E-01 6.667E-02
1.667E-01 0.000E+00
2.222E-01 4.772E-01
1.165E+00 0.000E+00
0.000E+00 6.061E-02
3.333E-01 2.000E+00
2.842E-01 3.868E-01
5.000E-01 9.677E-02
4.194E-01 0.000E+00
3.673E-01 6.713E-01
1.575E+00 7.435E-03
1.207E-02 2.019E-02
1.515E-02 1.406E-01
9.025E-03 1.449E-02
0.000E+00 3.776E-02
6.818E-02 5.186E-02
1.111E-01 6.939E-02
1.618E-01 1.000E-01
0.000E+00 1.636E-01
0.000E+00 4.317E-02
7.500E-02 9.491E-02
1.780E-01 2.000E-01
1.326E-01 2.425E-01
8.736E-01 2.619E-01
3.714E-01 2.000E+00
2.297E-01 3.605E-01
6.147E-01 0.000E+00
0.000E+00 9.756E-02
1.707E-01 5.000E-01
1.585E-01 3.315E-01
6.061E-01 1.400E-01
1.698E-01 5.000E-01
2.169E-01 5.850E-01
1.190E+00 0.000E+00
0.000E+00 0.000E+00
1.000E+00 0.000E+00
8.333E-02 6.364E-01
4.286E-01 5.882E-02
2.500E-01 5.000E+00
4.211E-01 4.082E-01
2.144E+00 3.003E-03
9.709E-03 2.948E-02
0.000E+00 4.286E-01
7.338E-03 7.637E-03
3.704E-02 8.658E-03
0.000E+00 1.875E-02
1.522E-01 2.174E-02
9.756E-02 2.143E-02
0.000E+00 7.907E-02
2.703E-01 3.008E-02
1.000E-01 3.685E-02
1.731E-01 4.000E-01
6.221E-02 1.556E-01
0.000E+00 6.250E-02
1.200E-01 0.000E+00
2.500E-01 2.500E-01
6.061E-01 0.000E+00
0.000E+00 5.161E-02
2.295E-01 0.000E+00
1.082E-01 2.219E-01
7.778E-01 6.667E-02
1.667E-01 0.000E+00
2.222E-01 4.772E-01
1.165E+00 0.000E+00
0.000E+00 6.061E-02
3.333E-01 2.000E+00
2.842E-01 3.868E-01
5.000E-01 9.677E-02
4.194E-01 0.000E+00
3.673E-01 6.713E-01
1.575E+00 7.435E-03
1.207E-02 2.019E-02
1.515E-02 1.406E-01
9.025E-03 1.449E-02
0.000E+00 3.776E-02
6.818E-02 5.186E-02
1.111E-01 6.939E-02
1.618E-01 1.000E-01
0.000E+00 1.636E-01
0.000E+00 4.317E-02
7.500E-02 9.491E-02
1.780E-01 2.000E-01
1.326E-01 2.425E-01
8.736E-01 2.619E-01
3.714E-01 2.000E+00
2.297E-01 3.605E-01
6.147E-01 0.000E+00
0.000E+00 9.756E-02
1.707E-01 5.000E-01
1.585E-01 3.315E-01
6.061E-01 1.400E-01
1.698E-01 5.000E-01
2.169E-01 5.850E-01
1.190E+00 0.000E+00
0.000E+00 0.000E+00
1.000E+00 0.000E+00
8.333E-02 6.364E-01
4.286E-01 5.882E-02
2.500E-01 5.000E+00
4.211E-01 4.082E-01
2.144E+00 3.003E-03
9.709E-03 2.948E-02
0.000E+00 4.286E-01
7.338E-03 7.637E-03
3.704E-02 8.658E-03
0.000E+00 1.875E-02
1.522E-01 2.174E-02
9.756E-02 2.143E-02
0.000E+00 7.907E-02
2.703E-01 3.008E-02
1.000E-01 3.685E-02
1.731E-01 4.000E-01
6.221E-02 1.556E-01
0.000E+00 6.250E-02
1.200E-01 0.000E+00
2.500E-01 2.500E-01
6.061E-01 0.000E+00
0.000E+00 5.161E-02
2.295E-01 0.000E+00
1.082E-01 2.219E-01
7.778E-01 6.667E-02
1.667E-01 0.000E+00
2.222E-01 4.772E-01
1.165E+00 0.000E+00
0.000E+00 6.061E-02
3.333E-01 2.000E+00
2.842E-01 3.868E-01
5.000E-01 9.677E-02
4.194E-01 0.000E+00
3.673E-01 6.713E-01
1.575E+00 7.435E-03
1.207E-02 2.019E-02
1.515E-02 1.406E-01
9.025E-03 1.449E-02
0.000E+00 3.776E-02
6.818E-02 5.186E-02
1.111E-01 6.939E-02
1.618E-01 1.000E-01
0.000E+00 1.636E-01
0.000E+00 4.317E-02
7.500E-02 9.491E-02
1.780E-01 2.000E-01
1.326E-01 2.425E-01
8.736E-01 2.619E-01
3.714E-01 2.000E+00
2.297E-01 3.605E-01
6.147E-01 0.000E+00
0.000E+00 9.756E-02
1.707E-01 5.000E-01
1.585E-01 3.315E-01
6.061E-01 1.400E-01
1.698E-01 5.000E-01
2.169E-01 5.850E-01
1.190E+00 0.000E+00
0.000E+00 0.000E+00
1.000E+00 0.000E+00
8.333E-02 6.364E-01
4.286E-01 5.882E-02
2.500E-01 5.000E+00
4.211E-01 4.082E-01
2.144E+00 3.003E-03
9.709E-03 2.948E-02
0.000E+00 4.286E-01
7.338E-03 7.637E-03
3.704E-02 8.658E-03
0.000E+00 1.875E-02
1.522E-01 2.174E-02
9.756E-02 2.143E-02
0.000E+00 7.907E-02
2.703E-01 3.008E-02
1.000E-01 3.685E-02
1.731E-01 4.000E-01
6.221E-02 1.556E-01
0.000E+00 6.250E-02
1.200E-01 0.000E+00
2.500E-01 2.500E-01
6.061E-01 0.000E+00
0.000E+00 5.161E-02
2.295E-01 0.000E+00
1.082E-01 2.219E-01
7.778E-01 6.667E-02
1.667E-01 0.000E+00
2.222E-01 4.772E-01
1.165E+00 0.000E+00
0.000E+00 6.061E-02
3.333E-01 2.000E+00
2.842E-01 3.868E-01
5.000E-01 9.677E-02
4.194E-01 0.000E+00
3.673E-01 6.713E-01
1.575E+00 7.435E-03
1.207E-02 2.019E-02
1.515E-02 1.406E-01
9.025E-03 1.449E-02
0.000E+00 3.776E-02
6.818E-02 5.186E-02
1.111E-01 6.939E-02
1.618E-01 1.000E-01
0.000E+00 1.636E-01
0.000E+00 4.317E-02
7.500E-02 9.491E-02
1.780E-01 2.000E-01
1.326E-01 2.425E-01
8.736E-01 2.619E-01
3.714E-01 2.000E+00
2.297E-01 3.605E-01
6.147E-01 0.000E+00
0.000E+00 9.756E-02
1.707E-01 5.000E-01
1.585E-01 3.315E-01
6.061E-01 1.400E-01
1.698E-01 5.000E-01
2.169E-01 5.850E-01
1.190E+00 0.000E+00
0.000E+00 0.000E+00
1.000E+00 0.000E+00
8.333E-02 6.364E-01
4.286E-01 5.882E-02
2.500E-01 5.000E+00
4.211E-01 4.082E-01
2.144E+00 3.003E-03
9.709E-03 2.948E-02
0.000E+00 4.286E-01
7.338E-03 7.637E-03
3.704E-02 8.658E-03
0.000E+00 1.875E-02
1.522E-01 2.174E-02
9.756E-02 2.143E-02
0.000E+00 7.907E-02
2.703E-01 3.008E-02
1.000E-01 3.685E-02
1.731E-01 4.000E-01
6.221E-02 1.556E-01
0.000E+00 6.250E-02
1.200E-01 0.000E+00
2.500E-01 2.500E-01
6.061E-01 0.000E+00
0.000E+00 5.161E-02
2.295E-01 0.000E+00
1.082E-01 2.219E-01
7.778E-01 6.667E-02
1.667E-01 0.000E+00
2.222E-01 4.772E-01
1.165E+00 0.000E+00
0.000E+00 6.061E-02
3.333E-01 2.000E+00
2.842E-01 3.868E-01
5.000E-01 9.677E-02
4.194E-01 0.000E+00
3.673E-01 6.713E-01
1.575E+00 7.435E-03
1.207E-02 2.019E-02
1.515E-02 1.406E-01
9.025E-03 1.449E-02
0.000E+00 3.776E-02
6.818E-02 5.186E-02
1.111E-01 6.939E-02
1.618E-01 1.000E-01
0.000E+00 1.636E-01
0.000E+00 4.317E-02
7.500E-02 9.491E-02
1.780E-01 2.000E-01
1.326E-01 2.425E-01
8.736E-01 2.619E-01
3.714E-01 2.000E+00
2.297E-01 3.605E-01
6.147E-01 0.000E+00
0.000E+00 9.756E-02
1.707E-01 5.000E-01
1.585E-01 3.315E-01
6.061E-01 1.400E-01
1.698E-01 5.000E-01
2.169E-01 5.850E-01
1.190E+00 0.000E+00
0.000E+00 0.000E+00
1.000E+00 0.000E+00
8.333E-02 6.364E-01
4.286E-01 5.882E-02
2.500E-01 5.000E+00
4.211E-01 4.082E-01
2.144E+00 3.003E-03
9.709E-03 2.948E-02
0.000E+00 4.286E-01
7.338E-03 7.637E-03
3.704E-02 8.658E-03
0.000E+00 1.875E-02
1.522E-01 2.174E-02
9.756E-02 2.143E-02
0.000E+00 7.907E-02
2.703E-01 3.008E-02
1.000E-01 3.685E-02
1.731E-01 4.000E-01
6.221E-02 1.556E-01
0.000E+00 6.250E-02
1.200E-01 0.000E+00
2.500E-01 2.500E-01
6.061E-01 0.000E+00
0.000E+00 5.161E-02
2.295E-01 0.000E+00
1.082E-01 2.219E-01
7.778E-01 6.667E-02
1.667E-01 0.000E+00
2.222E-01 4.772E-01
1.165E+00 0.000E+00
0.000E+00 6.061E-02
3.333E-01 2.000E+00
2.842E-01 3.868E-01
5.000E-01 9.677E-02
4.194E-01 0.000E+00
3.673E-01 6.713E-01
1.575E+00 7.435E-03
1.207E-02 2.019E-02
1.515E-02 1.406E-01
9.025E-03 1.449E-02
0.000E+00 3.776E-02
6.818E-02 5.186E-02
1.111E-01 6.939E-02
1.618E-01 1.000E-01
0.000E+00 1.636E-01
0.000E+00 4.317E-02
7.500E-02 9.491E-02
1.780E-01 2.000E-01
1.326E-01 2.425E-01
8.736E-01 2.619E-01
3.714E-01 2.000E+00
2.297E-01 3.605E-01
6.147E-01 0.000E+00
0.000E+00 9.756E-02
1.707E-01 5.000E-01
1.585E-01 3.315E-01
6.061E-01 1.400E-01
1.698E-01 5.000E-01
2.169E-01 5.850E-01
1.190E+00 0.000E+00
0.000E+00 0.000E+00
1.000E+00 0.000E+00
8.333E-02 6.364E-01
4.286E-01 5.882E-02
2.500E-01 5.000E+00
4.211E-01 4.082E-01
2.144E+00 3.003E-03
9.709E-03 2.948E-02
0.000E+00 4.286E-01
7.338E-03 7.637E-03
3.704E-02 8.658E-03
0.000E+00 1.875E-02
1.522E-01 2.174E-02
9.756E-02 2.143E-02
0.000E+00 7.907E-02
2.703E-01 3.008E-02
1.000E-01 3.685E-02
1.731E-01 4.000E-01
6.221E-02 1.556E-01
0.000E+00 6.250E-02
1.200E-01 0.000E+00
2.500E-01 2.500E-01
6.061E-01 0.000E+00
0.000E+00 5.161E-02
2.295E-01 0.000E+00
1.082E-01 2.219E-01
7.778E-01 6.667E-02
1.667E-01 0.000E+00
2.222E-01 4.772E-01
1.165E+00 0.000E+00
0.000E+00 6.061E-02
3.333E-01 2.000E+00
2.842E-01 3.868E-01
5.000E-01 9.677E-02
4.194E-01 0.000E+00
3.673E-01 6.713E-01
1.575E+00 7.435E-03
1.207E-02 2.019E-02
1.515E-02 1.406E-01
9.025E-03 1.449E-02
0.000E+00 3.776E-02
6.818E-02 5.186E-02
1.111E-01 6.939E-02
1.618E-01 1.000E-01
0.000E+00 1.636E-01
0.000E+00 4.317E-02
7.500E-02 9.491E-02
1.780E-01 2.000E-01
1.326E-01 2.425E-01
8.736E-01 2.619E-01
3.714E-01 2.000E+00
2.297E-01 3.605E-01
6.147E-01 0.000E+00
0.000E+00 9.756E-02
1.707E-01 5.000E-01
1.585E-01 3.315E-01
6.061E-01 1.400E-01
1.698E-01 5.000E-01
2.169E-01 5.850E-01
1.190E+00 0.000E+00
0.000E+00 0.000E+00
1.000E+00 0.000E+00
8.333E-02 6.364E-01
4.286E-01 5.882E-02
2.500E-01 5.000E+00
4.211E-01 4.082E-01
2.144E+00 3.003E-03
9.709E-03 2.948E-02
0.000E+00 4.286E-01
