1.924E-03 7.987E-03
1.429E-01 7.067E-03
9.091E-02 1.481E-02
0.000E+00 3.596E-02
0.000E+00 0.000E+00
3.333E-01 4.651E-02
1.250E-01 3.659E-02
0.000E+00 4.323E-02
6.250E-02 0.000E+00
7.509E-02 1.735E-01
0.000E+00 0.000E+00
3.077E-01 0.000E+00
2.000E-01 2.891E-01
6.071E-01 0.000E+00
0.000E+00 1.231E-01
1.250E-01 0.000E+00
1.478E-01 2.037E-01
1.000E+00 1.579E-01
1.538E-01 0.000E+00
2.642E-01 6.763E-01
2.182E+00 0.000E+00
0.000E+00 3.750E-01
7.500E-01 0.000E+00
1.304E-01 7.143E-01
4.000E+00 3.333E-01
2.000E-01 0.000E+00
8.333E-01 7.397E-01
2.698E+00 0.000E+00
9.186E-03 2.051E-02
4.274E-02 9.677E-02
9.025E-03 1.449E-02
0.000E+00 3.776E-02
6.818E-02 5.186E-02
1.111E-01 6.939E-02
1.618E-01 1.000E-01
0.000E+00 1.636E-01
0.000E+00 4.317E-02
7.500E-02 9.491E-02
1.780E-01 2.000E-01
1.326E-01 2.425E-01
8.736E-01 2.619E-01
3.714E-01 2.000E+00
2.297E-01 3.605E-01
6.147E-01 0.000E+00
0.000E+00 9.756E-02
1.707E-01 5.000E-01
1.585E-01 3.315E-01
6.061E-01 1.400E-01
1.698E-01 5.000E-01
2.169E-01 5.850E-01
1.190E+00 0.000E+00
0.000E+00 0.000E+00
1.000E+00 0.000E+00
8.333E-02 6.364E-01
4.286E-01 5.882E-02
2.500E-01 5.000E+00
4.211E-01 4.082E-01
2.144E+00 3.003E-03
9.709E-03 2.948E-02
0.000E+00 4.286E-01
1.924E-03 7.987E-03
1.429E-01 7.067E-03
9.091E-02 1.481E-02
0.000E+00 3.596E-02
0.000E+00 0.000E+00
3.333E-01 4.651E-02
1.250E-01 3.659E-02
0.000E+00 4.323E-02
6.250E-02 0.000E+00
7.509E-02 1.735E-01
0.000E+00 0.000E+00
3.077E-01 0.000E+00
2.000E-01 2.891E-01
6.071E-01 0.000E+00
0.000E+00 1.231E-01
1.250E-01 0.000E+00
1.478E-01 2.037E-01
1.000E+00 1.579E-01
1.538E-01 0.000E+00
2.642E-01 6.763E-01
2.182E+00 0.000E+00
0.000E+00 3.750E-01
7.500E-01 0.000E+00
1.304E-01 7.143E-01
4.000E+00 3.333E-01
2.000E-01 0.000E+00
8.333E-01 7.397E-01
2.698E+00 0.000E+00
9.186E-03 2.051E-02
4.274E-02 9.677E-02
9.025E-03 1.449E-02
0.000E+00 3.776E-02
6.818E-02 5.186E-02
1.111E-01 6.939E-02
1.618E-01 1.000E-01
0.000E+00 1.636E-01
0.000E+00 4.317E-02
7.500E-02 9.491E-02
1.780E-01 2.000E-01
1.326E-01 2.425E-01
8.736E-01 2.619E-01
3.714E-01 2.000E+00
2.297E-01 3.605E-01
6.147E-01 0.000E+00
0.000E+00 9.756E-02
1.707E-01 5.000E-01
1.585E-01 3.315E-01
6.061E-01 1.400E-01
1.698E-01 5.000E-01
2.169E-01 5.850E-01
1.190E+00 0.000E+00
0.000E+00 0.000E+00
1.000E+00 0.000E+00
8.333E-02 6.364E-01
4.286E-01 5.882E-02
2.500E-01 5.000E+00
4.211E-01 4.082E-01
2.144E+00 3.003E-03
9.709E-03 2.948E-02
0.000E+00 4.286E-01
1.924E-03 7.987E-03
1.429E-01 7.067E-03
9.091E-02 1.481E-02
0.000E+00 3.596E-02
0.000E+00 0.000E+00
3.333E-01 4.651E-02
1.250E-01 3.659E-02
0.000E+00 4.323E-02
6.250E-02 0.000E+00
7.509E-02 1.735E-01
0.000E+00 0.000E+00
3.077E-01 0.000E+00
2.000E-01 2.891E-01
6.071E-01 0.000E+00
0.000E+00 1.231E-01
1.250E-01 0.000E+00
1.478E-01 2.037E-01
1.000E+00 1.579E-01
1.538E-01 0.000E+00
2.642E-01 6.763E-01
2.182E+00 0.000E+00
0.000E+00 3.750E-01
7.500E-01 0.000E+00
1.304E-01 7.143E-01
4.000E+00 3.333E-01
2.000E-01 0.000E+00
8.333E-01 7.397E-01
2.698E+00 0.000E+00
9.186E-03 2.051E-02
4.274E-02 9.677E-02
9.025E-03 1.449E-02
0.000E+00 3.776E-02
6.818E-02 5.186E-02
1.111E-01 6.939E-02
1.618E-01 1.000E-01
0.000E+00 1.636E-01
0.000E+00 4.317E-02
7.500E-02 9.491E-02
1.780E-01 2.000E-01
1.326E-01 2.425E-01
8.736E-01 2.619E-01
3.714E-01 2.000E+00
2.297E-01 3.605E-01
6.147E-01 0.000E+00
0.000E+00 9.756E-02
1.707E-01 5.000E-01
1.585E-01 3.315E-01
6.061E-01 1.400E-01
1.698E-01 5.000E-01
2.169E-01 5.850E-01
1.190E+00 0.000E+00
0.000E+00 0.000E+00
1.000E+00 0.000E+00
8.333E-02 6.364E-01
4.286E-01 5.882E-02
2.500E-01 5.000E+00
4.211E-01 4.082E-01
2.144E+00 3.003E-03
9.709E-03 2.948E-02
0.000E+00 4.286E-01
1.924E-03 7.987E-03
1.429E-01 7.067E-03
9.091E-02 1.481E-02
0.000E+00 3.596E-02
0.000E+00 0.000E+00
3.333E-01 4.651E-02
1.250E-01 3.659E-02
0.000E+00 4.323E-02
6.250E-02 0.000E+00
7.509E-02 1.735E-01
0.000E+00 0.000E+00
3.077E-01 0.000E+00
2.000E-01 2.891E-01
6.071E-01 0.000E+00
0.000E+00 1.231E-01
1.250E-01 0.000E+00
1.478E-01 2.037E-01
1.000E+00 1.579E-01
1.538E-01 0.000E+00
2.642E-01 6.763E-01
2.182E+00 0.000E+00
0.000E+00 3.750E-01
7.500E-01 0.000E+00
1.304E-01 7.143E-01
4.000E+00 3.333E-01
2.000E-01 0.000E+00
8.333E-01 7.397E-01
2.698E+00 0.000E+00
9.186E-03 2.051E-02
4.274E-02 9.677E-02
9.025E-03 1.449E-02
0.000E+00 3.776E-02
6.818E-02 5.186E-02
1.111E-01 6.939E-02
1.618E-01 1.000E-01
0.000E+00 1.636E-01
0.000E+00 4.317E-02
7.500E-02 9.491E-02
1.780E-01 2.000E-01
1.326E-01 2.425E-01
8.736E-01 2.619E-01
3.714E-01 2.000E+00
2.297E-01 3.605E-01
6.147E-01 0.000E+00
0.000E+00 9.756E-02
1.707E-01 5.000E-01
1.585E-01 3.315E-01
6.061E-01 1.400E-01
1.698E-01 5.000E-01
2.169E-01 5.850E-01
1.190E+00 0.000E+00
0.000E+00 0.000E+00
1.000E+00 0.000E+00
8.333E-02 6.364E-01
4.286E-01 5.882E-02
2.500E-01 5.000E+00
4.211E-01 4.082E-01
2.144E+00 3.003E-03
9.709E-03 2.948E-02
0.000E+00 4.286E-01
1.924E-03 7.987E-03
1.429E-01 7.067E-03
9.091E-02 1.481E-02
0.000E+00 3.596E-02
0.000E+00 0.000E+00
3.333E-01 4.651E-02
1.250E-01 3.659E-02
0.000E+00 4.323E-02
6.250E-02 0.000E+00
7.509E-02 1.735E-01
0.000E+00 0.000E+00
3.077E-01 0.000E+00
2.000E-01 2.891E-01
6.071E-01 0.000E+00
0.000E+00 1.231E-01
1.250E-01 0.000E+00
1.478E-01 2.037E-01
1.000E+00 1.579E-01
1.538E-01 0.000E+00
2.642E-01 6.763E-01
2.182E+00 0.000E+00
0.000E+00 3.750E-01
7.500E-01 0.000E+00
1.304E-01 7.143E-01
4.000E+00 3.333E-01
2.000E-01 0.000E+00
8.333E-01 7.397E-01
2.698E+00 0.000E+00
9.186E-03 2.051E-02
4.274E-02 9.677E-02
9.025E-03 1.449E-02
0.000E+00 3.776E-02
6.818E-02 5.186E-02
1.111E-01 6.939E-02
1.618E-01 1.000E-01
0.000E+00 1.636E-01
0.000E+00 4.317E-02
7.500E-02 9.491E-02
1.780E-01 2.000E-01
1.326E-01 2.425E-01
8.736E-01 2.619E-01
3.714E-01 2.000E+00
2.297E-01 3.605E-01
6.147E-01 0.000E+00
0.000E+00 9.756E-02
1.707E-01 5.000E-01
1.585E-01 3.315E-01
6.061E-01 1.400E-01
1.698E-01 5.000E-01
2.169E-01 5.850E-01
1.190E+00 0.000E+00
0.000E+00 0.000E+00
1.000E+00 0.000E+00
8.333E-02 6.364E-01
4.286E-01 5.882E-02
2.500E-01 5.000E+00
4.211E-01 4.082E-01
2.144E+00 3.003E-03
9.709E-03 2.948E-02
0.000E+00 4.286E-01
1.924E-03 7.987E-03
1.429E-01 7.067E-03
9.091E-02 1.481E-02
0.000E+00 3.596E-02
0.000E+00 0.000E+00
3.333E-01 4.651E-02
1.250E-01 3.659E-02
0.000E+00 4.323E-02
6.250E-02 0.000E+00
7.509E-02 1.735E-01
0.000E+00 0.000E+00
3.077E-01 0.000E+00
2.000E-01 2.891E-01
6.071E-01 0.000E+00
0.000E+00 1.231E-01
1.250E-01 0.000E+00
1.478E-01 2.037E-01
1.000E+00 1.579E-01
1.538E-01 0.000E+00
2.642E-01 6.763E-01
2.182E+00 0.000E+00
0.000E+00 3.750E-01
7.500E-01 0.000E+00
1.304E-01 7.143E-01
4.000E+00 3.333E-01
2.000E-01 0.000E+00
8.333E-01 7.397E-01
2.698E+00 0.000E+00
9.186E-03 2.051E-02
4.274E-02 9.677E-02
9.025E-03 1.449E-02
0.000E+00 3.776E-02
6.818E-02 5.186E-02
1.111E-01 6.939E-02
1.618E-01 1.000E-01
0.000E+00 1.636E-01
0.000E+00 4.317E-02
7.500E-02 9.491E-02
1.780E-01 2.000E-01
1.326E-01 2.425E-01
8.736E-01 2.619E-01
3.714E-01 2.000E+00
2.297E-01 3.605E-01
6.147E-01 0.000E+00
0.000E+00 9.756E-02
1.707E-01 5.000E-01
1.585E-01 3.315E-01
6.061E-01 1.400E-01
1.698E-01 5.000E-01
2.169E-01 5.850E-01
1.190E+00 0.000E+00
0.000E+00 0.000E+00
1.000E+00 0.000E+00
8.333E-02 6.364E-01
4.286E-01 5.882E-02
2.500E-01 5.000E+00
4.211E-01 4.082E-01
2.144E+00 3.003E-03
9.709E-03 2.948E-02
0.000E+00 4.286E-01
1.924E-03 7.987E-03
1.429E-01 7.067E-03
9.091E-02 1.481E-02
0.000E+00 3.596E-02
0.000E+00 0.000E+00
3.333E-01 4.651E-02
1.250E-01 3.659E-02
0.000E+00 4.323E-02
6.250E-02 0.000E+00
7.509E-02 1.735E-01
0.000E+00 0.000E+00
3.077E-01 0.000E+00
2.000E-01 2.891E-01
6.071E-01 0.000E+00
0.000E+00 1.231E-01
1.250E-01 0.000E+00
1.478E-01 2.037E-01
1.000E+00 1.579E-01
1.538E-01 0.000E+00
2.642E-01 6.763E-01
2.182E+00 0.000E+00
0.000E+00 3.750E-01
7.500E-01 0.000E+00
1.304E-01 7.143E-01
4.000E+00 3.333E-01
2.000E-01 0.000E+00
8.333E-01 7.397E-01
2.698E+00 0.000E+00
9.186E-03 2.051E-02
4.274E-02 9.677E-02
9.025E-03 1.449E-02
0.000E+00 3.776E-02
6.818E-02 5.186E-02
1.111E-01 6.939E-02
1.618E-01 1.000E-01
0.000E+00 1.636E-01
0.000E+00 4.317E-02
7.500E-02 9.491E-02
1.780E-01 2.000E-01
1.326E-01 2.425E-01
8.736E-01 2.619E-01
3.714E-01 2.000E+00
2.297E-01 3.605E-01
6.147E-01 0.000E+00
0.000E+00 9.756E-02
1.707E-01 5.000E-01
1.585E-01 3.315E-01
6.061E-01 1.400E-01
1.698E-01 5.000E-01
2.169E-01 5.850E-01
1.190E+00 0.000E+00
0.000E+00 0.000E+00
1.000E+00 0.000E+00
8.333E-02 6.364E-01
4.286E-01 5.882E-02
2.500E-01 5.000E+00
4.211E-01 4.082E-01
2.144E+00 3.003E-03
9.709E-03 2.948E-02
0.000E+00 4.286E-01
1.924E-03 7.987E-03
1.429E-01 7.067E-03
9.091E-02 1.481E-02
0.000E+00 3.596E-02
0.000E+00 0.000E+00
3.333E-01 4.651E-02
1.250E-01 3.659E-02
0.000E+00 4.323E-02
6.250E-02 0.000E+00
7.509E-02 1.735E-01
0.000E+00 0.000E+00
3.077E-01 0.000E+00
2.000E-01 2.891E-01
6.071E-01 0.000E+00
0.000E+00 1.231E-01
1.250E-01 0.000E+00
1.478E-01 2.037E-01
1.000E+00 1.579E-01
1.538E-01 0.000E+00
2.642E-01 6.763E-01
2.182E+00 0.000E+00
0.000E+00 3.750E-01
7.500E-01 0.000E+00
1.304E-01 7.143E-01
4.000E+00 3.333E-01
2.000E-01 0.000E+00
8.333E-01 7.397E-01
2.698E+00 0.000E+00
9.186E-03 2.051E-02
4.274E-02 9.677E-02
9.025E-03 1.449E-02
0.000E+00 3.776E-02
6.818E-02 5.186E-02
1.111E-01 6.939E-02
1.618E-01 1.000E-01
0.000E+00 1.636E-01
0.000E+00 4.317E-02
7.500E-02 9.491E-02
1.780E-01 2.000E-01
1.326E-01 2.425E-01
8.736E-01 2.619E-01
3.714E-01 2.000E+00
2.297E-01 3.605E-01
6.147E-01 0.000E+00
0.000E+00 9.756E-02
1.707E-01 5.000E-01
1.585E-01 3.315E-01
6.061E-01 1.400E-01
1.698E-01 5.000E-01
2.169E-01 5.850E-01
1.190E+00 0.000E+00
0.000E+00 0.000E+00
1.000E+00 0.000E+00
8.333E-02 6.364E-01
4.286E-01 5.882E-02
2.500E-01 5.000E+00
4.211E-01 4.082E-01
2.144E+00 3.003E-03
9.709E-03 2.948E-02
0.000E+00 4.286E-01
1.924E-03 7.987E-03
1.429E-01 7.067E-03
9.091E-02 1.481E-02
0.000E+00 3.596E-02
0.000E+00 0.000E+00
3.333E-01 4.651E-02
1.250E-01 3.659E-02
0.000E+00 4.323E-02
6.250E-02 0.000E+00
7.509E-02 1.735E-01
0.000E+00 0.000E+00
3.077E-01 0.000E+00
2.000E-01 2.891E-01
6.071E-01 0.000E+00
0.000E+00 1.231E-01
1.250E-01 0.000E+00
1.478E-01 2.037E-01
1.000E+00 1.579E-01
1.538E-01 0.000E+00
2.642E-01 6.763E-01
2.182E+00 0.000E+00
0.000E+00 3.750E-01
7.500E-01 0.000E+00
1.304E-01 7.143E-01
4.000E+00 3.333E-01
2.000E-01 0.000E+00
8.333E-01 7.397E-01
2.698E+00 0.000E+00
9.186E-03 2.051E-02
4.274E-02 9.677E-02
9.025E-03 1.449E-02
0.000E+00 3.776E-02
6.818E-02 5.186E-02
1.111E-01 6.939E-02
1.618E-01 1.000E-01
0.000E+00 1.636E-01
0.000E+00 4.317E-02
7.500E-02 9.491E-02
1.780E-01 2.000E-01
1.326E-01 2.425E-01
8.736E-01 2.619E-01
3.714E-01 2.000E+00
2.297E-01 3.605E-01
6.147E-01 0.000E+00
0.000E+00 9.756E-02
1.707E-01 5.000E-01
1.585E-01 3.315E-01
6.061E-01 1.400E-01
1.698E-01 5.000E-01
2.169E-01 5.850E-01
1.190E+00 0.000E+00
0.000E+00 0.000E+00
1.000E+00 0.000E+00
8.333E-02 6.364E-01
4.286E-01 5.882E-02
2.500E-01 5.000E+00
4.211E-01 4.082E-01
2.144E+00 3.003E-03
9.709E-03 2.948E-02
0.000E+00 4.286E-01
1.924E-03 7.987E-03
1.429E-01 7.067E-03
9.091E-02 1.481E-02
0.000E+00 3.596E-02
0.000E+00 0.000E+00
3.333E-01 4.651E-02
1.250E-01 3.659E-02
0.000E+00 4.323E-02
6.250E-02 0.000E+00
7.509E-02 1.735E-01
0.000E+00 0.000E+00
3.077E-01 0.000E+00
2.000E-01 2.891E-01
6.071E-01 0.000E+00
0.000E+00 1.231E-01
1.250E-01 0.000E+00
1.478E-01 2.037E-01
1.000E+00 1.579E-01
1.538E-01 0.000E+00
2.642E-01 6.763E-01
2.182E+00 0.000E+00
0.000E+00 3.750E-01
7.500E-01 0.000E+00
1.304E-01 7.143E-01
4.000E+00 3.333E-01
2.000E-01 0.000E+00
8.333E-01 7.397E-01
2.698E+00 0.000E+00
9.186E-03 2.051E-02
4.274E-02 9.677E-02
9.025E-03 1.449E-02
0.000E+00 3.776E-02
6.818E-02 5.186E-02
1.111E-01 6.939E-02
1.618E-01 1.000E-01
0.000E+00 1.636E-01
0.000E+00 4.317E-02
7.500E-02 9.491E-02
1.780E-01 2.000E-01
1.326E-01 2.425E-01
8.736E-01 2.619E-01
3.714E-01 2.000E+00
2.297E-01 3.605E-01
6.147E-01 0.000E+00
0.000E+00 9.756E-02
1.707E-01 5.000E-01
1.585E-01 3.315E-01
6.061E-01 1.400E-01
1.698E-01 5.000E-01
2.169E-01 5.850E-01
1.190E+00 0.000E+00
0.000E+00 0.000E+00
1.000E+00 0.000E+00
8.333E-02 6.364E-01
4.286E-01 5.882E-02
2.500E-01 5.000E+00
4.211E-01 4.082E-01
2.144E+00 3.003E-03
9.709E-03 2.948E-02
0.000E+00 4.286E-01
1.924E-03 7.987E-03
1.429E-01 7.067E-03
9.091E-02 1.481E-02
0.000E+00 3.596E-02
0.000E+00 0.000E+00
3.333E-01 4.651E-02
1.250E-01 3.659E-02
0.000E+00 4.323E-02
6.250E-02 0.000E+00
7.509E-02 1.735E-01
0.000E+00 0.000E+00
3.077E-01 0.000E+00
2.000E-01 2.891E-01
6.071E-01 0.000E+00
0.000E+00 1.231E-01
1.250E-01 0.000E+00
1.478E-01 2.037E-01
1.000E+00 1.579E-01
1.538E-01 0.000E+00
2.642E-01 6.763E-01
2.182E+00 0.000E+00
0.000E+00 3.750E-01
7.500E-01 0.000E+00
1.304E-01 7.143E-01
4.000E+00 3.333E-01
2.000E-01 0.000E+00
8.333E-01 7.397E-01
2.698E+00 0.000E+00
9.186E-03 2.051E-02
4.274E-02 9.677E-02
9.025E-03 1.449E-02
0.000E+00 3.776E-02
6.818E-02 5.186E-02
1.111E-01 6.939E-02
1.618E-01 1.000E-01
0.000E+00 1.636E-01
0.000E+00 4.317E-02
7.500E-02 9.491E-02
1.780E-01 2.000E-01
1.326E-01 2.425E-01
8.736E-01 2.619E-01
3.714E-01 2.000E+00
2.297E-01 3.605E-01
6.147E-01 0.000E+00
0.000E+00 9.756E-02
1.707E-01 5.000E-01
1.585E-01 3.315E-01
6.061E-01 1.400E-01
1.698E-01 5.000E-01
2.169E-01 5.850E-01
1.190E+00 0.000E+00
0.000E+00 0.000E+00
1.000E+00 0.000E+00
8.333E-02 6.364E-01
4.286E-01 5.882E-02
2.500E-01 5.000E+00
4.211E-01 4.082E-01
2.144E+00 3.003E-03
9.709E-03 2.948E-02
0.000E+00 4.286E-01
1.924E-03 7.987E-03
1.429E-01 7.067E-03
9.091E-02 1.481E-02
0.000E+00 3.596E-02
0.000E+00 0.000E+00
3.333E-01 4.651E-02
1.250E-01 3.659E-02
0.000E+00 4.323E-02
6.250E-02 0.000E+00
7.509E-02 1.735E-01
0.000E+00 0.000E+00
3.077E-01 0.000E+00
2.000E-01 2.891E-01
6.071E-01 0.000E+00
0.000E+00 1.231E-01
1.250E-01 0.000E+00
1.478E-01 2.037E-01
1.000E+00 1.579E-01
1.538E-01 0.000E+00
2.642E-01 6.763E-01
2.182E+00 0.000E+00
0.000E+00 3.750E-01
7.500E-01 0.000E+00
1.304E-01 7.143E-01
4.000E+00 3.333E-01
2.000E-01 0.000E+00
8.333E-01 7.397E-01
2.698E+00 0.000E+00
9.186E-03 2.051E-02
4.274E-02 9.677E-02
9.025E-03 1.449E-02
0.000E+00 3.776E-02
6.818E-02 5.186E-02
1.111E-01 6.939E-02
1.618E-01 1.000E-01
0.000E+00 1.636E-01
0.000E+00 4.317E-02
7.500E-02 9.491E-02
1.780E-01 2.000E-01
1.326E-01 2.425E-01
8.736E-01 2.619E-01
3.714E-01 2.000E+00
2.297E-01 3.605E-01
6.147E-01 0.000E+00
0.000E+00 9.756E-02
1.707E-01 5.000E-01
1.585E-01 3.315E-01
6.061E-01 1.400E-01
1.698E-01 5.000E-01
2.169E-01 5.850E-01
1.190E+00 0.000E+00
0.000E+00 0.000E+00
1.000E+00 0.000E+00
8.333E-02 6.364E-01
4.286E-01 5.882E-02
2.500E-01 5.000E+00
4.211E-01 4.082E-01
2.144E+00 3.003E-03
9.709E-03 2.948E-02
0.000E+00 4.286E-01
1.924E-03 7.987E-03
1.429E-01 7.067E-03
9.091E-02 1.481E-02
0.000E+00 3.596E-02
0.000E+00 0.000E+00
3.333E-01 4.651E-02
1.250E-01 3.659E-02
0.000E+00 4.323E-02
6.250E-02 0.000E+00
7.509E-02 1.735E-01
0.000E+00 0.000E+00
3.077E-01 0.000E+00
2.000E-01 2.891E-01
6.071E-01 0.000E+00
0.000E+00 1.231E-01
1.250E-01 0.000E+00
1.478E-01 2.037E-01
1.000E+00 1.579E-01
1.538E-01 0.000E+00
2.642E-01 6.763E-01
2.182E+00 0.000E+00
0.000E+00 3.750E-01
7.500E-01 0.000E+00
1.304E-01 7.143E-01
4.000E+00 3.333E-01
2.000E-01 0.000E+00
8.333E-01 7.397E-01
2.698E+00 0.000E+00
9.186E-03 2.051E-02
4.274E-02 9.677E-02
9.025E-03 1.449E-02
0.000E+00 3.776E-02
6.818E-02 5.186E-02
1.111E-01 6.939E-02
1.618E-01 1.000E-01
0.000E+00 1.636E-01
0.000E+00 4.317E-02
7.500E-02 9.491E-02
1.780E-01 2.000E-01
1.326E-01 2.425E-01
8.736E-01 2.619E-01
3.714E-01 2.000E+00
2.297E-01 3.605E-01
6.147E-01 0.000E+00
0.000E+00 9.756E-02
1.707E-01 5.000E-01
1.585E-01 3.315E-01
6.061E-01 1.400E-01
1.698E-01 5.000E-01
2.169E-01 5.850E-01
1.190E+00 0.000E+00
0.000E+00 0.000E+00
1.000E+00 0.000E+00
8.333E-02 6.364E-01
4.286E-01 5.882E-02
2.500E-01 5.000E+00
4.211E-01 4.082E-01
2.144E+00 3.003E-03
9.709E-03 2.948E-02
0.000E+00 4.286E-01
1.924E-03 7.987E-03
1.429E-01 7.067E-03
9.091E-02 1.481E-02
0.000E+00 3.596E-02
0.000E+00 0.000E+00
3.333E-01 4.651E-02
1.250E-01 3.659E-02
0.000E+00 4.323E-02
6.250E-02 0.000E+00
7.509E-02 1.735E-01
0.000E+00 0.000E+00
3.077E-01 0.000E+00
2.000E-01 2.891E-01
6.071E-01 0.000E+00
0.000E+00 1.231E-01
1.250E-01 0.000E+00
1.478E-01 2.037E-01
1.000E+00 1.579E-01
1.538E-01 0.000E+00
2.642E-01 6.763E-01
2.182E+00 0.000E+00
0.000E+00 3.750E-01
7.500E-01 0.000E+00
1.304E-01 7.143E-01
4.000E+00 3.333E-01
2.000E-01 0.000E+00
8.333E-01 7.397E-01
2.698E+00 0.000E+00
9.186E-03 2.051E-02
4.274E-02 9.677E-02
9.025E-03 1.449E-02
0.000E+00 3.776E-02
6.818E-02 5.186E-02
1.111E-01 6.939E-02
1.618E-01 1.000E-01
0.000E+00 1.636E-01
0.000E+00 4.317E-02
7.500E-02 9.491E-02
1.780E-01 2.000E-01
1.326E-01 2.425E-01
8.736E-01 2.619E-01
3.714E-01 2.000E+00
2.297E-01 3.605E-01
6.147E-01 0.000E+00
0.000E+00 9.756E-02
1.707E-01 5.000E-01
1.585E-01 3.315E-01
6.061E-01 1.400E-01
1.698E-01 5.000E-01
2.169E-01 5.850E-01
1.190E+00 0.000E+00
0.000E+00 0.000E+00
1.000E+00 0.000E+00
8.333E-02 6.364E-01
4.286E-01 5.882E-02
2.500E-01 5.000E+00
4.211E-01 4.082E-01
2.144E+00 3.003E-03
9.709E-03 2.948E-02
0.000E+00 4.286E-01
1.924E-03 7.987E-03
1.429E-01 7.067E-03
9.091E-02 1.481E-02
0.000E+00 3.596E-02
0.000E+00 0.000E+00
3.333E-01 4.651E-02
1.250E-01 3.659E-02
0.000E+00 4.323E-02
6.250E-02 0.000E+00
7.509E-02 1.735E-01
0.000E+00 0.000E+00
3.077E-01 0.000E+00
2.000E-01 2.891E-01
6.071E-01 0.000E+00
0.000E+00 1.231E-01
1.250E-01 0.000E+00
1.478E-01 2.037E-01
1.000E+00 1.579E-01
1.538E-01 0.000E+00
2.642E-01 6.763E-01
2.182E+00 0.000E+00
0.000E+00 3.750E-01
7.500E-01 0.000E+00
1.304E-01 7.143E-01
4.000E+00 3.333E-01
2.000E-01 0.000E+00
8.333E-01 7.397E-01
2.698E+00 0.000E+00
9.186E-03 2.051E-02
4.274E-02 9.677E-02
9.025E-03 1.449E-02
0.000E+00 3.776E-02
6.818E-02 5.186E-02
1.111E-01 6.939E-02
1.618E-01 1.000E-01
0.000E+00 1.636E-01
0.000E+00 4.317E-02
7.500E-02 9.491E-02
1.780E-01 2.000E-01
1.326E-01 2.425E-01
8.736E-01 2.619E-01
3.714E-01 2.000E+00
2.297E-01 3.605E-01
6.147E-01 0.000E+00
0.000E+00 9.756E-02
1.707E-01 5.000E-01
1.585E-01 3.315E-01
6.061E-01 1.400E-01
1.698E-01 5.000E-01
2.169E-01 5.850E-01
1.190E+00 0.000E+00
0.000E+00 0.000E+00
1.000E+00 0.000E+00
8.333E-02 6.364E-01
4.286E-01 5.882E-02
2.500E-01 5.000E+00
4.211E-01 4.082E-01
2.144E+00 3.003E-03
9.709E-03 2.948E-02
0.000E+00 4.286E-01
1.924E-03 7.987E-03
1.429E-01 7.067E-03
9.091E-02 1.481E-02
0.000E+00 3.596E-02
0.000E+00 0.000E+00
3.333E-01 4.651E-02
1.250E-01 3.659E-02
0.000E+00 4.323E-02
6.250E-02 0.000E+00
7.509E-02 1.735E-01
0.000E+00 0.000E+00
3.077E-01 0.000E+00
2.000E-01 2.891E-01
6.071E-01 0.000E+00
0.000E+00 1.231E-01
1.250E-01 0.000E+00
1.478E-01 2.037E-01
1.000E+00 1.579E-01
1.538E-01 0.000E+00
2.642E-01 6.763E-01
2.182E+00 0.000E+00
0.000E+00 3.750E-01
7.500E-01 0.000E+00
1.304E-01 7.143E-01
4.000E+00 3.333E-01
2.000E-01 0.000E+00
8.333E-01 7.397E-01
2.698E+00 0.000E+00
9.186E-03 2.051E-02
4.274E-02 9.677E-02
9.025E-03 1.449E-02
0.000E+00 3.776E-02
6.818E-02 5.186E-02
1.111E-01 6.939E-02
1.618E-01 1.000E-01
0.000E+00 1.636E-01
0.000E+00 4.317E-02
7.500E-02 9.491E-02
1.780E-01 2.000E-01
1.326E-01 2.425E-01
8.736E-01 2.619E-01
3.714E-01 2.000E+00
2.297E-01 3.605E-01
6.147E-01 0.000E+00
0.000E+00 9.756E-02
1.707E-01 5.000E-01
1.585E-01 3.315E-01
6.061E-01 1.400E-01
1.698E-01 5.000E-01
2.169E-01 5.850E-01
1.190E+00 0.000E+00
0.000E+00 0.000E+00
1.000E+00 0.000E+00
8.333E-02 6.364E-01
4.286E-01 5.882E-02
2.500E-01 5.000E+00
4.211E-01 4.082E-01
2.144E+00 3.003E-03
9.709E-03 2.948E-02
0.000E+00 4.286E-01
1.924E-03 7.987E-03
1.429E-01 7.067E-03
9.091E-02 1.481E-02
0.000E+00 3.596E-02
0.000E+00 0.000E+00
3.333E-01 4.651E-02
1.250E-01 3.659E-02
0.000E+00 4.323E-02
6.250E-02 0.000E+00
7.509E-02 1.735E-01
0.000E+00 0.000E+00
3.077E-01 0.000E+00
2.000E-01 2.891E-01
6.071E-01 0.000E+00
0.000E+00 1.231E-01
1.250E-01 0.000E+00
1.478E-01 2.037E-01
1.000E+00 1.579E-01
1.538E-01 0.000E+00
2.642E-01 6.763E-01
2.182E+00 0.000E+00
0.000E+00 3.750E-01
7.500E-01 0.000E+00
1.304E-01 7.143E-01
4.000E+00 3.333E-01
2.000E-01 0.000E+00
8.333E-01 7.397E-01
2.698E+00 0.000E+00
9.186E-03 2.051E-02
4.274E-02 9.677E-02
9.025E-03 1.449E-02
0.000E+00 3.776E-02
6.818E-02 5.186E-02
1.111E-01 6.939E-02
1.618E-01 1.000E-01
0.000E+00 1.636E-01
0.000E+00 4.317E-02
7.500E-02 9.491E-02
1.780E-01 2.000E-01
1.326E-01 2.425E-01
8.736E-01 2.619E-01
3.714E-01 2.000E+00
2.297E-01 3.605E-01
6.147E-01 0.000E+00
0.000E+00 9.756E-02
1.707E-01 5.000E-01
1.585E-01 3.315E-01
6.061E-01 1.400E-01
1.698E-01 5.000E-01
2.169E-01 5.850E-01
1.190E+00 0.000E+00
0.000E+00 0.000E+00
1.000E+00 0.000E+00
8.333E-02 6.364E-01
4.286E-01 5.882E-02
2.500E-01 5.000E+00
4.211E-01 4.082E-01
2.144E+00 3.003E-03
9.709E-03 2.948E-02
0.000E+00 4.286E-01
1.924E-03 7.987E-03
1.429E-01 7.067E-03
9.091E-02 1.481E-02
0.000E+00 3.596E-02
0.000E+00 0.000E+00
3.333E-01 4.651E-02
1.250E-01 3.659E-02
0.000E+00 4.323E-02
6.250E-02 0.000E+00
7.509E-02 1.735E-01
0.000E+00 0.000E+00
3.077E-01 0.000E+00
2.000E-01 2.891E-01
6.071E-01 0.000E+00
0.000E+00 1.231E-01
1.250E-01 0.000E+00
1.478E-01 2.037E-01
1.000E+00 1.579E-01
1.538E-01 0.000E+00
2.642E-01 6.763E-01
2.182E+00 0.000E+00
0.000E+00 3.750E-01
7.500E-01 0.000E+00
1.304E-01 7.143E-01
4.000E+00 3.333E-01
2.000E-01 0.000E+00
8.333E-01 7.397E-01
2.698E+00 0.000E+00
9.186E-03 2.051E-02
4.274E-02 9.677E-02
9.025E-03 1.449E-02
0.000E+00 3.776E-02
6.818E-02 5.186E-02
1.111E-01 6.939E-02
1.618E-01 1.000E-01
0.000E+00 1.636E-01
0.000E+00 4.317E-02
7.500E-02 9.491E-02
1.780E-01 2.000E-01
1.326E-01 2.425E-01
8.736E-01 2.619E-01
3.714E-01 2.000E+00
2.297E-01 3.605E-01
6.147E-01 0.000E+00
0.000E+00 9.756E-02
1.707E-01 5.000E-01
1.585E-01 3.315E-01
6.061E-01 1.400E-01
1.698E-01 5.000E-01
2.169E-01 5.850E-01
1.190E+00 0.000E+00
0.000E+00 0.000E+00
1.000E+00 0.000E+00
8.333E-02 6.364E-01
4.286E-01 5.882E-02
2.500E-01 5.000E+00
4.211E-01 4.082E-01
2.144E+00 3.003E-03
9.709E-03 2.948E-02
0.000E+00 4.286E-01
1.924E-03 7.987E-03
1.429E-01 7.067E-03
9.091E-02 1.481E-02
0.000E+00 3.596E-02
0.000E+00 0.000E+00
3.333E-01 4.651E-02
1.250E-01 3.659E-02
0.000E+00 4.323E-02
6.250E-02 0.000E+00
7.509E-02 1.735E-01
0.000E+00 0.000E+00
3.077E-01 0.000E+00
2.000E-01 2.891E-01
6.071E-01 0.000E+00
0.000E+00 1.231E-01
1.250E-01 0.000E+00
1.478E-01 2.037E-01
1.000E+00 1.579E-01
1.538E-01 0.000E+00
2.642E-01 6.763E-01
2.182E+00 0.000E+00
0.000E+00 3.750E-01
7.500E-01 0.000E+00
1.304E-01 7.143E-01
4.000E+00 3.333E-01
2.000E-01 0.000E+00
8.333E-01 7.397E-01
2.698E+00 0.000E+00
9.186E-03 2.051E-02
4.274E-02 9.677E-02
9.025E-03 1.449E-02
0.000E+00 3.776E-02
6.818E-02 5.186E-02
1.111E-01 6.939E-02
1.618E-01 1.000E-01
0.000E+00 1.636E-01
0.000E+00 4.317E-02
7.500E-02 9.491E-02
1.780E-01 2.000E-01
1.326E-01 2.425E-01
8.736E-01 2.619E-01
3.714E-01 2.000E+00
2.297E-01 3.605E-01
6.147E-01 0.000E+00
0.000E+00 9.756E-02
1.707E-01 5.000E-01
1.585E-01 3.315E-01
6.061E-01 1.400E-01
1.698E-01 5.000E-01
2.169E-01 5.850E-01
1.190E+00 0.000E+00
0.000E+00 0.000E+00
1.000E+00 0.000E+00
8.333E-02 6.364E-01
4.286E-01 5.882E-02
2.500E-01 5.000E+00
4.211E-01 4.082E-01
2.144E+00 3.003E-03
9.709E-03 2.948E-02
0.000E+00 4.286E-01
1.924E-03 7.987E-03
1.429E-01 7.067E-03
9.091E-02 1.481E-02
0.000E+00 3.596E-02
0.000E+00 0.000E+00
3.333E-01 4.651E-02
1.250E-01 3.659E-02
0.000E+00 4.323E-02
6.250E-02 0.000E+00
7.509E-02 1.735E-01
0.000E+00 0.000E+00
3.077E-01 0.000E+00
2.000E-01 2.891E-01
6.071E-01 0.000E+00
0.000E+00 1.231E-01
1.250E-01 0.000E+00
1.478E-01 2.037E-01
1.000E+00 1.579E-01
1.538E-01 0.000E+00
2.642E-01 6.763E-01
2.182E+00 0.000E+00
0.000E+00 3.750E-01
7.500E-01 0.000E+00
1.304E-01 7.143E-01
4.000E+00 3.333E-01
2.000E-01 0.000E+00
8.333E-01 7.397E-01
2.698E+00 0.000E+00
9.186E-03 2.051E-02
4.274E-02 9.677E-02
9.025E-03 1.449E-02
0.000E+00 3.776E-02
6.818E-02 5.186E-02
1.111E-01 6.939E-02
1.618E-01 1.000E-01
0.000E+00 1.636E-01
0.000E+00 4.317E-02
7.500E-02 9.491E-02
1.780E-01 2.000E-01
1.326E-01 2.425E-01
8.736E-01 2.619E-01
3.714E-01 2.000E+00
2.297E-01 3.605E-01
6.147E-01 0.000E+00
0.000E+00 9.756E-02
1.707E-01 5.000E-01
1.585E-01 3.315E-01
6.061E-01 1.400E-01
1.698E-01 5.000E-01
2.169E-01 5.850E-01
1.190E+00 0.000E+00
0.000E+00 0.000E+00
1.000E+00 0.000E+00
8.333E-02 6.364E-01
4.286E-01 5.882E-02
2.500E-01 5.000E+00
4.211E-01 4.082E-01
2.144E+00 3.003E-03
9.709E-03 2.948E-02
0.000E+00 4.286E-01
1.924E-03 7.987E-03
1.429E-01 7.067E-03
9.091E-02 1.481E-02
0.000E+00 3.596E-02
0.000E+00 0.000E+00
3.333E-01 4.651E-02
1.250E-01 3.659E-02
0.000E+00 4.323E-02
6.250E-02 0.000E+00
7.509E-02 1.735E-01
0.000E+00 0.000E+00
3.077E-01 0.000E+00
2.000E-01 2.891E-01
6.071E-01 0.000E+00
0.000E+00 1.231E-01
1.250E-01 0.000E+00
1.478E-01 2.037E-01
1.000E+00 1.579E-01
1.538E-01 0.000E+00
2.642E-01 6.763E-01
2.182E+00 0.000E+00
0.000E+00 3.750E-01
7.500E-01 0.000E+00
1.304E-01 7.143E-01
4.000E+00 3.333E-01
2.000E-01 0.000E+00
8.333E-01 7.397E-01
2.698E+00 0.000E+00
9.186E-03 2.051E-02
4.274E-02 9.677E-02
9.025E-03 1.449E-02
0.000E+00 3.776E-02
6.818E-02 5.186E-02
1.111E-01 6.939E-02
1.618E-01 1.000E-01
0.000E+00 1.636E-01
0.000E+00 4.317E-02
7.500E-02 9.491E-02
1.780E-01 2.000E-01
1.326E-01 2.425E-01
8.736E-01 2.619E-01
3.714E-01 2.000E+00
2.297E-01 3.605E-01
6.147E-01 0.000E+00
0.000E+00 9.756E-02
1.707E-01 5.000E-01
1.585E-01 3.315E-01
6.061E-01 1.400E-01
1.698E-01 5.000E-01
2.169E-01 5.850E-01
1.190E+00 0.000E+00
0.000E+00 0.000E+00
1.000E+00 0.000E+00
8.333E-02 6.364E-01
4.286E-01 5.882E-02
2.500E-01 5.000E+00
4.211E-01 4.082E-01
2.144E+00 3.003E-03
9.709E-03 2.948E-02
0.000E+00 4.286E-01
1.924E-03 7.987E-03
1.429E-01 7.067E-03
9.091E-02 1.481E-02
0.000E+00 3.596E-02
0.000E+00 0.000E+00
3.333E-01 4.651E-02
1.250E-01 3.659E-02
0.000E+00 4.323E-02
6.250E-02 0.000E+00
7.509E-02 1.735E-01
0.000E+00 0.000E+00
3.077E-01 0.000E+00
2.000E-01 2.891E-01
6.071E-01 0.000E+00
0.000E+00 1.231E-01
1.250E-01 0.000E+00
1.478E-01 2.037E-01
1.000E+00 1.579E-01
1.538E-01 0.000E+00
2.642E-01 6.763E-01
2.182E+00 0.000E+00
0.000E+00 3.750E-01
7.500E-01 0.000E+00
1.304E-01 7.143E-01
4.000E+00 3.333E-01
2.000E-01 0.000E+00
8.333E-01 7.397E-01
2.698E+00 0.000E+00
9.186E-03 2.051E-02
4.274E-02 9.677E-02
9.025E-03 1.449E-02
0.000E+00 3.776E-02
6.818E-02 5.186E-02
1.111E-01 6.939E-02
1.618E-01 1.000E-01
0.000E+00 1.636E-01
0.000E+00 4.317E-02
7.500E-02 9.491E-02
1.780E-01 2.000E-01
1.326E-01 2.425E-01
8.736E-01 2.619E-01
3.714E-01 2.000E+00
2.297E-01 3.605E-01
6.147E-01 0.000E+00
0.000E+00 9.756E-02
1.707E-01 5.000E-01
1.585E-01 3.315E-01
6.061E-01 1.400E-01
1.698E-01 5.000E-01
2.169E-01 5.850E-01
1.190E+00 0.000E+00
0.000E+00 0.000E+00
1.000E+00 0.000E+00
8.333E-02 6.364E-01
4.286E-01 5.882E-02
2.500E-01 5.000E+00
4.211E-01 4.082E-01
2.144E+00 3.003E-03
9.709E-03 2.948E-02
0.000E+00 4.286E-01
1.924E-03 7.987E-03
1.429E-01 7.067E-03
9.091E-02 1.481E-02
0.000E+00 3.596E-02
0.000E+00 0.000E+00
3.333E-01 4.651E-02
1.250E-01 3.659E-02
0.000E+00 4.323E-02
6.250E-02 0.000E+00
7.509E-02 1.735E-01
0.000E+00 0.000E+00
3.077E-01 0.000E+00
2.000E-01 2.891E-01
6.071E-01 0.000E+00
0.000E+00 1.231E-01
1.250E-01 0.000E+00
1.478E-01 2.037E-01
1.000E+00 1.579E-01
1.538E-01 0.000E+00
2.642E-01 6.763E-01
2.182E+00 0.000E+00
0.000E+00 3.750E-01
7.500E-01 0.000E+00
1.304E-01 7.143E-01
4.000E+00 3.333E-01
2.000E-01 0.000E+00
8.333E-01 7.397E-01
2.698E+00 0.000E+00
9.186E-03 2.051E-02
4.274E-02 9.677E-02
9.025E-03 1.449E-02
0.000E+00 3.776E-02
6.818E-02 5.186E-02
1.111E-01 6.939E-02
1.618E-01 1.000E-01
0.000E+00 1.636E-01
0.000E+00 4.317E-02
7.500E-02 9.491E-02
1.780E-01 2.000E-01
1.326E-01 2.425E-01
8.736E-01 2.619E-01
3.714E-01 2.000E+00
2.297E-01 3.605E-01
6.147E-01 0.000E+00
0.000E+00 9.756E-02
1.707E-01 5.000E-01
1.585E-01 3.315E-01
6.061E-01 1.400E-01
1.698E-01 5.000E-01
2.169E-01 5.850E-01
1.190E+00 0.000E+00
0.000E+00 0.000E+00
1.000E+00 0.000E+00
8.333E-02 6.364E-01
4.286E-01 5.882E-02
2.500E-01 5.000E+00
4.211E-01 4.082E-01
2.144E+00 3.003E-03
9.709E-03 2.948E-02
0.000E+00 4.286E-01
1.924E-03 7.987E-03
1.429E-01 7.067E-03
9.091E-02 1.481E-02
0.000E+00 3.596E-02
0.000E+00 0.000E+00
3.333E-01 4.651E-02
1.250E-01 3.659E-02
0.000E+00 4.323E-02
6.250E-02 0.000E+00
7.509E-02 1.735E-01
0.000E+00 0.000E+00
3.077E-01 0.000E+00
2.000E-01 2.891E-01
6.071E-01 0.000E+00
0.000E+00 1.231E-01
1.250E-01 0.000E+00
1.478E-01 2.037E-01
1.000E+00 1.579E-01
1.538E-01 0.000E+00
2.642E-01 6.763E-01
2.182E+00 0.000E+00
0.000E+00 3.750E-01
7.500E-01 0.000E+00
1.304E-01 7.143E-01
4.000E+00 3.333E-01
2.000E-01 0.000E+00
8.333E-01 7.397E-01
2.698E+00 0.000E+00
9.186E-03 2.051E-02
4.274E-02 9.677E-02
9.025E-03 1.449E-02
0.000E+00 3.776E-02
6.818E-02 5.186E-02
1.111E-01 6.939E-02
1.618E-01 1.000E-01
0.000E+00 1.636E-01
0.000E+00 4.317E-02
7.500E-02 9.491E-02
1.780E-01 2.000E-01
1.326E-01 2.425E-01
8.736E-01 2.619E-01
3.714E-01 2.000E+00
2.297E-01 3.605E-01
6.147E-01 0.000E+00
0.000E+00 9.756E-02
1.707E-01 5.000E-01
1.585E-01 3.315E-01
6.061E-01 1.400E-01
1.698E-01 5.000E-01
2.169E-01 5.850E-01
1.190E+00 0.000E+00
0.000E+00 0.000E+00
1.000E+00 0.000E+00
8.333E-02 6.364E-01
4.286E-01 5.882E-02
2.500E-01 5.000E+00
4.211E-01 4.082E-01
2.144E+00 3.003E-03
9.709E-03 2.948E-02
0.000E+00 4.286E-01
1.924E-03 7.987E-03
1.429E-01 7.067E-03
9.091E-02 1.481E-02
0.000E+00 3.596E-02
0.000E+00 0.000E+00
3.333E-01 4.651E-02
1.250E-01 3.659E-02
0.000E+00 4.323E-02
6.250E-02 0.000E+00
7.509E-02 1.735E-01
0.000E+00 0.000E+00
3.077E-01 0.000E+00
2.000E-01 2.891E-01
6.071E-01 0.000E+00
0.000E+00 1.231E-01
1.250E-01 0.000E+00
1.478E-01 2.037E-01
1.000E+00 1.579E-01
1.538E-01 0.000E+00
2.642E-01 6.763E-01
2.182E+00 0.000E+00
0.000E+00 3.750E-01
7.500E-01 0.000E+00
1.304E-01 7.143E-01
4.000E+00 3.333E-01
2.000E-01 0.000E+00
8.333E-01 7.397E-01
2.698E+00 0.000E+00
9.186E-03 2.051E-02
4.274E-02 9.677E-02
9.025E-03 1.449E-02
0.000E+00 3.776E-02
6.818E-02 5.186E-02
1.111E-01 6.939E-02
1.618E-01 1.000E-01
0.000E+00 1.636E-01
0.000E+00 4.317E-02
7.500E-02 9.491E-02
1.780E-01 2.000E-01
1.326E-01 2.425E-01
8.736E-01 2.619E-01
3.714E-01 2.000E+00
2.297E-01 3.605E-01
6.147E-01 0.000E+00
0.000E+00 9.756E-02
1.707E-01 5.000E-01
1.585E-01 3.315E-01
6.061E-01 1.400E-01
1.698E-01 5.000E-01
2.169E-01 5.850E-01
1.190E+00 0.000E+00
0.000E+00 0.000E+00
1.000E+00 0.000E+00
8.333E-02 6.364E-01
4.286E-01 5.882E-02
2.500E-01 5.000E+00
4.211E-01 4.082E-01
2.144E+00 3.003E-03
9.709E-03 2.948E-02
0.000E+00 4.286E-01
1.924E-03 7.987E-03
1.429E-01 7.067E-03
9.091E-02 1.481E-02
0.000E+00 3.596E-02
0.000E+00 0.000E+00
3.333E-01 4.651E-02
1.250E-01 3.659E-02
0.000E+00 4.323E-02
6.250E-02 0.000E+00
7.509E-02 1.735E-01
0.000E+00 0.000E+00
3.077E-01 0.000E+00
2.000E-01 2.891E-01
6.071E-01 0.000E+00
0.000E+00 1.231E-01
1.250E-01 0.000E+00
1.478E-01 2.037E-01
1.000E+00 1.579E-01
1.538E-01 0.000E+00
2.642E-01 6.763E-01
2.182E+00 0.000E+00
0.000E+00 3.750E-01
7.500E-01 0.000E+00
1.304E-01 7.143E-01
4.000E+00 3.333E-01
2.000E-01 0.000E+00
8.333E-01 7.397E-01
2.698E+00 0.000E+00
9.186E-03 2.051E-02
4.274E-02 9.677E-02
9.025E-03 1.449E-02
0.000E+00 3.776E-02
6.818E-02 5.186E-02
1.111E-01 6.939E-02
1.618E-01 1.000E-01
0.000E+00 1.636E-01
0.000E+00 4.317E-02
7.500E-02 9.491E-02
1.780E-01 2.000E-01
1.326E-01 2.425E-01
8.736E-01 2.619E-01
3.714E-01 2.000E+00
2.297E-01 3.605E-01
6.147E-01 0.000E+00
0.000E+00 9.756E-02
1.707E-01 5.000E-01
1.585E-01 3.315E-01
6.061E-01 1.400E-01
1.698E-01 5.000E-01
2.169E-01 5.850E-01
1.190E+00 0.000E+00
0.000E+00 0.000E+00
1.000E+00 0.000E+00
8.333E-02 6.364E-01
4.286E-01 5.882E-02
2.500E-01 5.000E+00
4.211E-01 4.082E-01
2.144E+00 3.003E-03
9.709E-03 2.948E-02
0.000E+00 4.286E-01
1.924E-03 7.987E-03
1.429E-01 7.067E-03
9.091E-02 1.481E-02
0.000E+00 3.596E-02
0.000E+00 0.000E+00
3.333E-01 4.651E-02
1.250E-01 3.659E-02
0.000E+00 4.323E-02
6.250E-02 0.000E+00
7.509E-02 1.735E-01
0.000E+00 0.000E+00
3.077E-01 0.000E+00
2.000E-01 2.891E-01
6.071E-01 0.000E+00
0.000E+00 1.231E-01
1.250E-01 0.000E+00
1.478E-01 2.037E-01
1.000E+00 1.579E-01
1.538E-01 0.000E+00
2.642E-01 6.763E-01
2.182E+00 0.000E+00
0.000E+00 3.750E-01
7.500E-01 0.000E+00
1.304E-01 7.143E-01
4.000E+00 3.333E-01
2.000E-01 0.000E+00
8.333E-01 7.397E-01
2.698E+00 0.000E+00
9.186E-03 2.051E-02
4.274E-02 9.677E-02
9.025E-03 1.449E-02
0.000E+00 3.776E-02
6.818E-02 5.186E-02
1.111E-01 6.939E-02
1.618E-01 1.000E-01
0.000E+00 1.636E-01
0.000E+00 4.317E-02
7.500E-02 9.491E-02
1.780E-01 2.000E-01
1.326E-01 2.425E-01
8.736E-01 2.619E-01
3.714E-01 2.000E+00
2.297E-01 3.605E-01
6.147E-01 0.000E+00
0.000E+00 9.756E-02
1.707E-01 5.000E-01
1.585E-01 3.315E-01
6.061E-01 1.400E-01
1.698E-01 5.000E-01
2.169E-01 5.850E-01
1.190E+00 0.000E+00
0.000E+00 0.000E+00
1.000E+00 0.000E+00
8.333E-02 6.364E-01
4.286E-01 5.882E-02
2.500E-01 5.000E+00
4.211E-01 4.082E-01
2.144E+00 3.003E-03
9.709E-03 2.948E-02
0.000E+00 4.286E-01
1.924E-03 7.987E-03
1.429E-01 7.067E-03
9.091E-02 1.481E-02
0.000E+00 3.596E-02
0.000E+00 0.000E+00
3.333E-01 4.651E-02
1.250E-01 3.659E-02
0.000E+00 4.323E-02
6.250E-02 0.000E+00
7.509E-02 1.735E-01
0.000E+00 0.000E+00
3.077E-01 0.000E+00
2.000E-01 2.891E-01
6.071E-01 0.000E+00
0.000E+00 1.231E-01
1.250E-01 0.000E+00
1.478E-01 2.037E-01
1.000E+00 1.579E-01
1.538E-01 0.000E+00
2.642E-01 6.763E-01
2.182E+00 0.000E+00
0.000E+00 3.750E-01
7.500E-01 0.000E+00
1.304E-01 7.143E-01
4.000E+00 3.333E-01
2.000E-01 0.000E+00
8.333E-01 7.397E-01
2.698E+00 0.000E+00
9.186E-03 2.051E-02
4.274E-02 9.677E-02
9.025E-03 1.449E-02
0.000E+00 3.776E-02
6.818E-02 5.186E-02
1.111E-01 6.939E-02
1.618E-01 1.000E-01
0.000E+00 1.636E-01
0.000E+00 4.317E-02
7.500E-02 9.491E-02
1.780E-01 2.000E-01
1.326E-01 2.425E-01
8.736E-01 2.619E-01
3.714E-01 2.000E+00
2.297E-01 3.605E-01
6.147E-01 0.000E+00
0.000E+00 9.756E-02
1.707E-01 5.000E-01
1.585E-01 3.315E-01
6.061E-01 1.400E-01
1.698E-01 5.000E-01
2.169E-01 5.850E-01
1.190E+00 0.000E+00
0.000E+00 0.000E+00
1.000E+00 0.000E+00
8.333E-02 6.364E-01
4.286E-01 5.882E-02
2.500E-01 5.000E+00
4.211E-01 4.082E-01
2.144E+00 3.003E-03
9.709E-03 2.948E-02
0.000E+00 4.286E-01
1.924E-03 7.987E-03
1.429E-01 7.067E-03
9.091E-02 1.481E-02
0.000E+00 3.596E-02
0.000E+00 0.000E+00
3.333E-01 4.651E-02
1.250E-01 3.659E-02
0.000E+00 4.323E-02
6.250E-02 0.000E+00
7.509E-02 1.735E-01
0.000E+00 0.000E+00
3.077E-01 0.000E+00
2.000E-01 2.891E-01
6.071E-01 0.000E+00
0.000E+00 1.231E-01
1.250E-01 0.000E+00
1.478E-01 2.037E-01
1.000E+00 1.579E-01
1.538E-01 0.000E+00
2.642E-01 6.763E-01
2.182E+00 0.000E+00
0.000E+00 3.750E-01
7.500E-01 0.000E+00
1.304E-01 7.143E-01
4.000E+00 3.333E-01
2.000E-01 0.000E+00
8.333E-01 7.397E-01
2.698E+00 0.000E+00
9.186E-03 2.051E-02
4.274E-02 9.677E-02
9.025E-03 1.449E-02
0.000E+00 3.776E-02
6.818E-02 5.186E-02
1.111E-01 6.939E-02
1.618E-01 1.000E-01
0.000E+00 1.636E-01
0.000E+00 4.317E-02
7.500E-02 9.491E-02
1.780E-01 2.000E-01
1.326E-01 2.425E-01
8.736E-01 2.619E-01
3.714E-01 2.000E+00
2.297E-01 3.605E-01
6.147E-01 0.000E+00
0.000E+00 9.756E-02
1.707E-01 5.000E-01
1.585E-01 3.315E-01
6.061E-01 1.400E-01
1.698E-01 5.000E-01
2.169E-01 5.850E-01
1.190E+00 0.000E+00
0.000E+00 0.000E+00
1.000E+00 0.000E+00
8.333E-02 6.364E-01
4.286E-01 5.882E-02
2.500E-01 5.000E+00
4.211E-01 4.082E-01
2.144E+00 3.003E-03
9.709E-03 2.948E-02
0.000E+00 4.286E-01
1.924E-03 7.987E-03
1.429E-01 7.067E-03
9.091E-02 1.481E-02
0.000E+00 3.596E-02
0.000E+00 0.000E+00
3.333E-01 4.651E-02
1.250E-01 3.659E-02
0.000E+00 4.323E-02
6.250E-02 0.000E+00
7.509E-02 1.735E-01
0.000E+00 0.000E+00
3.077E-01 0.000E+00
2.000E-01 2.891E-01
6.071E-01 0.000E+00
0.000E+00 1.231E-01
1.250E-01 0.000E+00
1.478E-01 2.037E-01
1.000E+00 1.579E-01
1.538E-01 0.000E+00
2.642E-01 6.763E-01
2.182E+00 0.000E+00
0.000E+00 3.750E-01
7.500E-01 0.000E+00
1.304E-01 7.143E-01
4.000E+00 3.333E-01
2.000E-01 0.000E+00
8.333E-01 7.397E-01
2.698E+00 0.000E+00
9.186E-03 2.051E-02
4.274E-02 9.677E-02
9.025E-03 1.449E-02
0.000E+00 3.776E-02
6.818E-02 5.186E-02
1.111E-01 6.939E-02
1.618E-01 1.000E-01
0.000E+00 1.636E-01
0.000E+00 4.317E-02
7.500E-02 9.491E-02
1.780E-01 2.000E-01
1.326E-01 2.425E-01
8.736E-01 2.619E-01
3.714E-01 2.000E+00
2.297E-01 3.605E-01
6.147E-01 0.000E+00
0.000E+00 9.756E-02
1.707E-01 5.000E-01
1.585E-01 3.315E-01
6.061E-01 1.400E-01
1.698E-01 5.000E-01
2.169E-01 5.850E-01
1.190E+00 0.000E+00
0.000E+00 0.000E+00
1.000E+00 0.000E+00
8.333E-02 6.364E-01
4.286E-01 5.882E-02
2.500E-01 5.000E+00
4.211E-01 4.082E-01
2.144E+00 3.003E-03
9.709E-03 2.948E-02
0.000E+00 4.286E-01
1.924E-03 7.987E-03
1.429E-01 7.067E-03
9.091E-02 1.481E-02
0.000E+00 3.596E-02
0.000E+00 0.000E+00
3.333E-01 4.651E-02
1.250E-01 3.659E-02
0.000E+00 4.323E-02
6.250E-02 0.000E+00
7.509E-02 1.735E-01
0.000E+00 0.000E+00
3.077E-01 0.000E+00
2.000E-01 2.891E-01
6.071E-01 0.000E+00
0.000E+00 1.231E-01
1.250E-01 0.000E+00
1.478E-01 2.037E-01
1.000E+00 1.579E-01
1.538E-01 0.000E+00
2.642E-01 6.763E-01
2.182E+00 0.000E+00
0.000E+00 3.750E-01
7.500E-01 0.000E+00
1.304E-01 7.143E-01
4.000E+00 3.333E-01
2.000E-01 0.000E+00
8.333E-01 7.397E-01
2.698E+00 0.000E+00
9.186E-03 2.051E-02
4.274E-02 9.677E-02
9.025E-03 1.449E-02
0.000E+00 3.776E-02
6.818E-02 5.186E-02
1.111E-01 6.939E-02
1.618E-01 1.000E-01
0.000E+00 1.636E-01
0.000E+00 4.317E-02
7.500E-02 9.491E-02
1.780E-01 2.000E-01
1.326E-01 2.425E-01
8.736E-01 2.619E-01
3.714E-01 2.000E+00
2.297E-01 3.605E-01
6.147E-01 0.000E+00
0.000E+00 9.756E-02
1.707E-01 5.000E-01
1.585E-01 3.315E-01
6.061E-01 1.400E-01
1.698E-01 5.000E-01
2.169E-01 5.850E-01
1.190E+00 0.000E+00
0.000E+00 0.000E+00
1.000E+00 0.000E+00
8.333E-02 6.364E-01
4.286E-01 5.882E-02
2.500E-01 5.000E+00
4.211E-01 4.082E-01
2.144E+00 3.003E-03
9.709E-03 2.948E-02
0.000E+00 4.286E-01
1.924E-03 7.987E-03
1.429E-01 7.067E-03
9.091E-02 1.481E-02
0.000E+00 3.596E-02
0.000E+00 0.000E+00
3.333E-01 4.651E-02
1.250E-01 3.659E-02
0.000E+00 4.323E-02
6.250E-02 0.000E+00
7.509E-02 1.735E-01
0.000E+00 0.000E+00
3.077E-01 0.000E+00
2.000E-01 2.891E-01
6.071E-01 0.000E+00
0.000E+00 1.231E-01
1.250E-01 0.000E+00
1.478E-01 2.037E-01
1.000E+00 1.579E-01
1.538E-01 0.000E+00
2.642E-01 6.763E-01
2.182E+00 0.000E+00
0.000E+00 3.750E-01
7.500E-01 0.000E+00
1.304E-01 7.143E-01
4.000E+00 3.333E-01
2.000E-01 0.000E+00
8.333E-01 7.397E-01
2.698E+00 0.000E+00
9.186E-03 2.051E-02
4.274E-02 9.677E-02
9.025E-03 1.449E-02
0.000E+00 3.776E-02
6.818E-02 5.186E-02
1.111E-01 6.939E-02
1.618E-01 1.000E-01
0.000E+00 1.636E-01
0.000E+00 4.317E-02
7.500E-02 9.491E-02
1.780E-01 2.000E-01
1.326E-01 2.425E-01
8.736E-01 2.619E-01
3.714E-01 2.000E+00
2.297E-01 3.605E-01
6.147E-01 0.000E+00
0.000E+00 9.756E-02
1.707E-01 5.000E-01
1.585E-01 3.315E-01
6.061E-01 1.400E-01
1.698E-01 5.000E-01
2.169E-01 5.850E-01
1.190E+00 0.000E+00
0.000E+00 0.000E+00
1.000E+00 0.000E+00
8.333E-02 6.364E-01
4.286E-01 5.882E-02
2.500E-01 5.000E+00
4.211E-01 4.082E-01
2.144E+00 3.003E-03
9.709E-03 2.948E-02
0.000E+00 4.286E-01
1.924E-03 7.987E-03
1.429E-01 7.067E-03
9.091E-02 1.481E-02
0.000E+00 3.596E-02
0.000E+00 0.000E+00
3.333E-01 4.651E-02
1.250E-01 3.659E-02
0.000E+00 4.323E-02
6.250E-02 0.000E+00
7.509E-02 1.735E-01
0.000E+00 0.000E+00
3.077E-01 0.000E+00
2.000E-01 2.891E-01
6.071E-01 0.000E+00
0.000E+00 1.231E-01
1.250E-01 0.000E+00
1.478E-01 2.037E-01
1.000E+00 1.579E-01
1.538E-01 0.000E+00
2.642E-01 6.763E-01
2.182E+00 0.000E+00
0.000E+00 3.750E-01
7.500E-01 0.000E+00
1.304E-01 7.143E-01
4.000E+00 3.333E-01
2.000E-01 0.000E+00
8.333E-01 7.397E-01
2.698E+00 0.000E+00
9.186E-03 2.051E-02
4.274E-02 9.677E-02
9.025E-03 1.449E-02
0.000E+00 3.776E-02
6.818E-02 5.186E-02
1.111E-01 6.939E-02
1.618E-01 1.000E-01
0.000E+00 1.636E-01
0.000E+00 4.317E-02
7.500E-02 9.491E-02
1.780E-01 2.000E-01
1.326E-01 2.425E-01
8.736E-01 2.619E-01
3.714E-01 2.000E+00
2.297E-01 3.605E-01
6.147E-01 0.000E+00
0.000E+00 9.756E-02
1.707E-01 5.000E-01
1.585E-01 3.315E-01
6.061E-01 1.400E-01
1.698E-01 5.000E-01
2.169E-01 5.850E-01
1.190E+00 0.000E+00
0.000E+00 0.000E+00
1.000E+00 0.000E+00
8.333E-02 6.364E-01
4.286E-01 5.882E-02
2.500E-01 5.000E+00
4.211E-01 4.082E-01
2.144E+00 3.003E-03
9.709E-03 2.948E-02
0.000E+00 4.286E-01
1.924E-03 7.987E-03
1.429E-01 7.067E-03
9.091E-02 1.481E-02
0.000E+00 3.596E-02
0.000E+00 0.000E+00
3.333E-01 4.651E-02
1.250E-01 3.659E-02
0.000E+00 4.323E-02
6.250E-02 0.000E+00
7.509E-02 1.735E-01
0.000E+00 0.000E+00
3.077E-01 0.000E+00
2.000E-01 2.891E-01
6.071E-01 0.000E+00
0.000E+00 1.231E-01
1.250E-01 0.000E+00
1.478E-01 2.037E-01
1.000E+00 1.579E-01
1.538E-01 0.000E+00
2.642E-01 6.763E-01
2.182E+00 0.000E+00
0.000E+00 3.750E-01
7.500E-01 0.000E+00
1.304E-01 7.143E-01
4.000E+00 3.333E-01
2.000E-01 0.000E+00
8.333E-01 7.397E-01
2.698E+00 0.000E+00
9.186E-03 2.051E-02
4.274E-02 9.677E-02
9.025E-03 1.449E-02
0.000E+00 3.776E-02
6.818E-02 5.186E-02
1.111E-01 6.939E-02
1.618E-01 1.000E-01
0.000E+00 1.636E-01
0.000E+00 4.317E-02
7.500E-02 9.491E-02
1.780E-01 2.000E-01
1.326E-01 2.425E-01
8.736E-01 2.619E-01
3.714E-01 2.000E+00
2.297E-01 3.605E-01
6.147E-01 0.000E+00
0.000E+00 9.756E-02
1.707E-01 5.000E-01
1.585E-01 3.315E-01
6.061E-01 1.400E-01
1.698E-01 5.000E-01
2.169E-01 5.850E-01
1.190E+00 0.000E+00
0.000E+00 0.000E+00
1.000E+00 0.000E+00
8.333E-02 6.364E-01
4.286E-01 5.882E-02
2.500E-01 5.000E+00
4.211E-01 4.082E-01
2.144E+00 3.003E-03
9.709E-03 2.948E-02
0.000E+00 4.286E-01
1.924E-03 7.987E-03
1.429E-01 7.067E-03
9.091E-02 1.481E-02
0.000E+00 3.596E-02
0.000E+00 0.000E+00
3.333E-01 4.651E-02
1.250E-01 3.659E-02
0.000E+00 4.323E-02
6.250E-02 0.000E+00
7.509E-02 1.735E-01
0.000E+00 0.000E+00
3.077E-01 0.000E+00
2.000E-01 2.891E-01
6.071E-01 0.000E+00
0.000E+00 1.231E-01
1.250E-01 0.000E+00
1.478E-01 2.037E-01
1.000E+00 1.579E-01
1.538E-01 0.000E+00
2.642E-01 6.763E-01
2.182E+00 0.000E+00
0.000E+00 3.750E-01
7.500E-01 0.000E+00
1.304E-01 7.143E-01
4.000E+00 3.333E-01
2.000E-01 0.000E+00
8.333E-01 7.397E-01
2.698E+00 0.000E+00
9.186E-03 2.051E-02
4.274E-02 9.677E-02
9.025E-03 1.449E-02
0.000E+00 3.776E-02
6.818E-02 5.186E-02
1.111E-01 6.939E-02
1.618E-01 1.000E-01
0.000E+00 1.636E-01
0.000E+00 4.317E-02
7.500E-02 9.491E-02
1.780E-01 2.000E-01
1.326E-01 2.425E-01
8.736E-01 2.619E-01
3.714E-01 2.000E+00
2.297E-01 3.605E-01
6.147E-01 0.000E+00
0.000E+00 9.756E-02
1.707E-01 5.000E-01
1.585E-01 3.315E-01
6.061E-01 1.400E-01
1.698E-01 5.000E-01
2.169E-01 5.850E-01
1.190E+00 0.000E+00
0.000E+00 0.000E+00
1.000E+00 0.000E+00
8.333E-02 6.364E-01
4.286E-01 5.882E-02
2.500E-01 5.000E+00
4.211E-01 4.082E-01
2.144E+00 3.003E-03
9.709E-03 2.948E-02
0.000E+00 4.286E-01
1.924E-03 7.987E-03
1.429E-01 7.067E-03
9.091E-02 1.481E-02
0.000E+00 3.596E-02
0.000E+00 0.000E+00
3.333E-01 4.651E-02
1.250E-01 3.659E-02
0.000E+00 4.323E-02
6.250E-02 0.000E+00
7.509E-02 1.735E-01
0.000E+00 0.000E+00
3.077E-01 0.000E+00
2.000E-01 2.891E-01
6.071E-01 0.000E+00
0.000E+00 1.231E-01
1.250E-01 0.000E+00
1.478E-01 2.037E-01
1.000E+00 1.579E-01
1.538E-01 0.000E+00
2.642E-01 6.763E-01
2.182E+00 0.000E+00
0.000E+00 3.750E-01
7.500E-01 0.000E+00
1.304E-01 7.143E-01
4.000E+00 3.333E-01
2.000E-01 0.000E+00
8.333E-01 7.397E-01
2.698E+00 0.000E+00
9.186E-03 2.051E-02
4.274E-02 9.677E-02
9.025E-03 1.449E-02
0.000E+00 3.776E-02
6.818E-02 5.186E-02
1.111E-01 6.939E-02
1.618E-01 1.000E-01
0.000E+00 1.636E-01
0.000E+00 4.317E-02
7.500E-02 9.491E-02
1.780E-01 2.000E-01
1.326E-01 2.425E-01
8.736E-01 2.619E-01
3.714E-01 2.000E+00
2.297E-01 3.605E-01
6.147E-01 0.000E+00
0.000E+00 9.756E-02
1.707E-01 5.000E-01
1.585E-01 3.315E-01
6.061E-01 1.400E-01
1.698E-01 5.000E-01
2.169E-01 5.850E-01
1.190E+00 0.000E+00
0.000E+00 0.000E+00
1.000E+00 0.000E+00
8.333E-02 6.364E-01
4.286E-01 5.882E-02
2.500E-01 5.000E+00
4.211E-01 4.082E-01
2.144E+00 3.003E-03
9.709E-03 2.948E-02
0.000E+00 4.286E-01
1.924E-03 7.987E-03
1.429E-01 7.067E-03
9.091E-02 1.481E-02
0.000E+00 3.596E-02
0.000E+00 0.000E+00
3.333E-01 4.651E-02
1.250E-01 3.659E-02
0.000E+00 4.323E-02
6.250E-02 0.000E+00
7.509E-02 1.735E-01
0.000E+00 0.000E+00
3.077E-01 0.000E+00
2.000E-01 2.891E-01
6.071E-01 0.000E+00
0.000E+00 1.231E-01
1.250E-01 0.000E+00
1.478E-01 2.037E-01
1.000E+00 1.579E-01
1.538E-01 0.000E+00
2.642E-01 6.763E-01
2.182E+00 0.000E+00
0.000E+00 3.750E-01
7.500E-01 0.000E+00
1.304E-01 7.143E-01
4.000E+00 3.333E-01
2.000E-01 0.000E+00
8.333E-01 7.397E-01
2.698E+00 0.000E+00
9.186E-03 2.051E-02
4.274E-02 9.677E-02
9.025E-03 1.449E-02
0.000E+00 3.776E-02
6.818E-02 5.186E-02
1.111E-01 6.939E-02
1.618E-01 1.000E-01
0.000E+00 1.636E-01
0.000E+00 4.317E-02
7.500E-02 9.491E-02
1.780E-01 2.000E-01
1.326E-01 2.425E-01
8.736E-01 2.619E-01
3.714E-01 2.000E+00
2.297E-01 3.605E-01
6.147E-01 0.000E+00
0.000E+00 9.756E-02
1.707E-01 5.000E-01
1.585E-01 3.315E-01
6.061E-01 1.400E-01
1.698E-01 5.000E-01
2.169E-01 5.850E-01
1.190E+00 0.000E+00
0.000E+00 0.000E+00
1.000E+00 0.000E+00
8.333E-02 6.364E-01
4.286E-01 5.882E-02
2.500E-01 5.000E+00
4.211E-01 4.082E-01
2.144E+00 3.003E-03
9.709E-03 2.948E-02
0.000E+00 4.286E-01
1.924E-03 7.987E-03
1.429E-01 7.067E-03
9.091E-02 1.481E-02
0.000E+00 3.596E-02
0.000E+00 0.000E+00
3.333E-01 4.651E-02
1.250E-01 3.659E-02
0.000E+00 4.323E-02
6.250E-02 0.000E+00
7.509E-02 1.735E-01
0.000E+00 0.000E+00
3.077E-01 0.000E+00
2.000E-01 2.891E-01
6.071E-01 0.000E+00
0.000E+00 1.231E-01
1.250E-01 0.000E+00
1.478E-01 2.037E-01
1.000E+00 1.579E-01
1.538E-01 0.000E+00
2.642E-01 6.763E-01
2.182E+00 0.000E+00
0.000E+00 3.750E-01
7.500E-01 0.000E+00
1.304E-01 7.143E-01
4.000E+00 3.333E-01
2.000E-01 0.000E+00
8.333E-01 7.397E-01
2.698E+00 0.000E+00
9.186E-03 2.051E-02
4.274E-02 9.677E-02
9.025E-03 1.449E-02
0.000E+00 3.776E-02
6.818E-02 5.186E-02
1.111E-01 6.939E-02
1.618E-01 1.000E-01
0.000E+00 1.636E-01
0.000E+00 4.317E-02
7.500E-02 9.491E-02
1.780E-01 2.000E-01
1.326E-01 2.425E-01
8.736E-01 2.619E-01
3.714E-01 2.000E+00
2.297E-01 3.605E-01
6.147E-01 0.000E+00
0.000E+00 9.756E-02
1.707E-01 5.000E-01
1.585E-01 3.315E-01
6.061E-01 1.400E-01
1.698E-01 5.000E-01
2.169E-01 5.850E-01
1.190E+00 0.000E+00
0.000E+00 0.000E+00
1.000E+00 0.000E+00
8.333E-02 6.364E-01
4.286E-01 5.882E-02
2.500E-01 5.000E+00
4.211E-01 4.082E-01
2.144E+00 3.003E-03
9.709E-03 2.948E-02
0.000E+00 4.286E-01
