7.338E-03 7.637E-03
3.704E-02 8.658E-03
0.000E+00 1.875E-02
1.522E-01 2.174E-02
9.756E-02 2.143E-02
0.000E+00 7.907E-02
2.703E-01 3.008E-02
1.000E-01 3.685E-02
1.731E-01 4.000E-01
6.221E-02 1.556E-01
0.000E+00 6.250E-02
1.200E-01 0.000E+00
2.500E-01 2.500E-01
6.061E-01 0.000E+00
0.000E+00 5.161E-02
2.295E-01 0.000E+00
1.082E-01 2.219E-01
7.778E-01 6.667E-02
1.667E-01 0.000E+00
2.222E-01 4.772E-01
1.165E+00 0.000E+00
0.000E+00 6.061E-02
3.333E-01 2.000E+00
2.842E-01 3.868E-01
5.000E-01 9.677E-02
4.194E-01 0.000E+00
3.673E-01 6.713E-01
1.575E+00 7.435E-03
1.207E-02 2.019E-02
1.515E-02 1.406E-01
2.553E-03 2.835E-03
0.000E+00 4.144E-03
0.000E+00 1.648E-02
1.111E-01 2.826E-02
0.000E+00 0.000E+00
0.000E+00 3.922E-02
0.000E+00 1.235E-02
0.000E+00 4.647E-02
3.774E-02 1.364E-01
2.975E-02 5.567E-02
2.685E-01 1.786E-02
1.200E-01 1.111E-01
1.892E-01 2.329E-01
5.246E-01 0.000E+00
0.000E+00 9.709E-03
1.389E-02 1.429E-01
5.682E-02 1.128E-01
2.424E-01 5.405E-02
2.778E-02 5.556E-01
8.929E-02 2.667E-01
5.379E-01 0.000E+00
0.000E+00 5.882E-02
0.000E+00 6.667E-01
0.000E+00 0.000E+00
0.000E+00 1.111E-01
4.000E-01 9.231E-01
1.154E-01 3.125E-01
9.728E-01 1.502E-02
8.163E-03 2.052E-02
0.000E+00 7.317E-02
7.338E-03 7.637E-03
3.704E-02 8.658E-03
0.000E+00 1.875E-02
1.522E-01 2.174E-02
9.756E-02 2.143E-02
0.000E+00 7.907E-02
2.703E-01 3.008E-02
1.000E-01 3.685E-02
1.731E-01 4.000E-01
6.221E-02 1.556E-01
0.000E+00 6.250E-02
1.200E-01 0.000E+00
2.500E-01 2.500E-01
6.061E-01 0.000E+00
0.000E+00 5.161E-02
2.295E-01 0.000E+00
1.082E-01 2.219E-01
7.778E-01 6.667E-02
1.667E-01 0.000E+00
2.222E-01 4.772E-01
1.165E+00 0.000E+00
0.000E+00 6.061E-02
3.333E-01 2.000E+00
2.842E-01 3.868E-01
5.000E-01 9.677E-02
4.194E-01 0.000E+00
3.673E-01 6.713E-01
1.575E+00 7.435E-03
1.207E-02 2.019E-02
1.515E-02 1.406E-01
2.553E-03 2.835E-03
0.000E+00 4.144E-03
0.000E+00 1.648E-02
1.111E-01 2.826E-02
0.000E+00 0.000E+00
0.000E+00 3.922E-02
0.000E+00 1.235E-02
0.000E+00 4.647E-02
3.774E-02 1.364E-01
2.975E-02 5.567E-02
2.685E-01 1.786E-02
1.200E-01 1.111E-01
1.892E-01 2.329E-01
5.246E-01 0.000E+00
0.000E+00 9.709E-03
1.389E-02 1.429E-01
5.682E-02 1.128E-01
2.424E-01 5.405E-02
2.778E-02 5.556E-01
8.929E-02 2.667E-01
5.379E-01 0.000E+00
0.000E+00 5.882E-02
0.000E+00 6.667E-01
0.000E+00 0.000E+00
0.000E+00 1.111E-01
4.000E-01 9.231E-01
1.154E-01 3.125E-01
9.728E-01 1.502E-02
8.163E-03 2.052E-02
0.000E+00 7.317E-02
7.338E-03 7.637E-03
3.704E-02 8.658E-03
0.000E+00 1.875E-02
1.522E-01 2.174E-02
9.756E-02 2.143E-02
0.000E+00 7.907E-02
2.703E-01 3.008E-02
1.000E-01 3.685E-02
1.731E-01 4.000E-01
6.221E-02 1.556E-01
0.000E+00 6.250E-02
1.200E-01 0.000E+00
2.500E-01 2.500E-01
6.061E-01 0.000E+00
0.000E+00 5.161E-02
2.295E-01 0.000E+00
1.082E-01 2.219E-01
7.778E-01 6.667E-02
1.667E-01 0.000E+00
2.222E-01 4.772E-01
1.165E+00 0.000E+00
0.000E+00 6.061E-02
3.333E-01 2.000E+00
2.842E-01 3.868E-01
5.000E-01 9.677E-02
4.194E-01 0.000E+00
3.673E-01 6.713E-01
1.575E+00 7.435E-03
1.207E-02 2.019E-02
1.515E-02 1.406E-01
2.553E-03 2.835E-03
0.000E+00 4.144E-03
0.000E+00 1.648E-02
1.111E-01 2.826E-02
0.000E+00 0.000E+00
0.000E+00 3.922E-02
0.000E+00 1.235E-02
0.000E+00 4.647E-02
3.774E-02 1.364E-01
2.975E-02 5.567E-02
2.685E-01 1.786E-02
1.200E-01 1.111E-01
1.892E-01 2.329E-01
5.246E-01 0.000E+00
0.000E+00 9.709E-03
1.389E-02 1.429E-01
5.682E-02 1.128E-01
2.424E-01 5.405E-02
2.778E-02 5.556E-01
8.929E-02 2.667E-01
5.379E-01 0.000E+00
0.000E+00 5.882E-02
0.000E+00 6.667E-01
0.000E+00 0.000E+00
0.000E+00 1.111E-01
4.000E-01 9.231E-01
1.154E-01 3.125E-01
9.728E-01 1.502E-02
8.163E-03 2.052E-02
0.000E+00 7.317E-02
7.338E-03 7.637E-03
3.704E-02 8.658E-03
0.000E+00 1.875E-02
1.522E-01 2.174E-02
9.756E-02 2.143E-02
0.000E+00 7.907E-02
2.703E-01 3.008E-02
1.000E-01 3.685E-02
1.731E-01 4.000E-01
6.221E-02 1.556E-01
0.000E+00 6.250E-02
1.200E-01 0.000E+00
2.500E-01 2.500E-01
6.061E-01 0.000E+00
0.000E+00 5.161E-02
2.295E-01 0.000E+00
1.082E-01 2.219E-01
7.778E-01 6.667E-02
1.667E-01 0.000E+00
2.222E-01 4.772E-01
1.165E+00 0.000E+00
0.000E+00 6.061E-02
3.333E-01 2.000E+00
2.842E-01 3.868E-01
5.000E-01 9.677E-02
4.194E-01 0.000E+00
3.673E-01 6.713E-01
1.575E+00 7.435E-03
1.207E-02 2.019E-02
1.515E-02 1.406E-01
2.553E-03 2.835E-03
0.000E+00 4.144E-03
0.000E+00 1.648E-02
1.111E-01 2.826E-02
0.000E+00 0.000E+00
0.000E+00 3.922E-02
0.000E+00 1.235E-02
0.000E+00 4.647E-02
3.774E-02 1.364E-01
2.975E-02 5.567E-02
2.685E-01 1.786E-02
1.200E-01 1.111E-01
1.892E-01 2.329E-01
5.246E-01 0.000E+00
0.000E+00 9.709E-03
1.389E-02 1.429E-01
5.682E-02 1.128E-01
2.424E-01 5.405E-02
2.778E-02 5.556E-01
8.929E-02 2.667E-01
5.379E-01 0.000E+00
0.000E+00 5.882E-02
0.000E+00 6.667E-01
0.000E+00 0.000E+00
0.000E+00 1.111E-01
4.000E-01 9.231E-01
1.154E-01 3.125E-01
9.728E-01 1.502E-02
8.163E-03 2.052E-02
0.000E+00 7.317E-02
7.338E-03 7.637E-03
3.704E-02 8.658E-03
0.000E+00 1.875E-02
1.522E-01 2.174E-02
9.756E-02 2.143E-02
0.000E+00 7.907E-02
2.703E-01 3.008E-02
1.000E-01 3.685E-02
1.731E-01 4.000E-01
6.221E-02 1.556E-01
0.000E+00 6.250E-02
1.200E-01 0.000E+00
2.500E-01 2.500E-01
6.061E-01 0.000E+00
0.000E+00 5.161E-02
2.295E-01 0.000E+00
1.082E-01 2.219E-01
7.778E-01 6.667E-02
1.667E-01 0.000E+00
2.222E-01 4.772E-01
1.165E+00 0.000E+00
0.000E+00 6.061E-02
3.333E-01 2.000E+00
2.842E-01 3.868E-01
5.000E-01 9.677E-02
4.194E-01 0.000E+00
3.673E-01 6.713E-01
1.575E+00 7.435E-03
1.207E-02 2.019E-02
1.515E-02 1.406E-01
2.553E-03 2.835E-03
0.000E+00 4.144E-03
0.000E+00 1.648E-02
1.111E-01 2.826E-02
0.000E+00 0.000E+00
0.000E+00 3.922E-02
0.000E+00 1.235E-02
0.000E+00 4.647E-02
3.774E-02 1.364E-01
2.975E-02 5.567E-02
2.685E-01 1.786E-02
1.200E-01 1.111E-01
1.892E-01 2.329E-01
5.246E-01 0.000E+00
0.000E+00 9.709E-03
1.389E-02 1.429E-01
5.682E-02 1.128E-01
2.424E-01 5.405E-02
2.778E-02 5.556E-01
8.929E-02 2.667E-01
5.379E-01 0.000E+00
0.000E+00 5.882E-02
0.000E+00 6.667E-01
0.000E+00 0.000E+00
0.000E+00 1.111E-01
4.000E-01 9.231E-01
1.154E-01 3.125E-01
9.728E-01 1.502E-02
8.163E-03 2.052E-02
0.000E+00 7.317E-02
7.338E-03 7.637E-03
3.704E-02 8.658E-03
0.000E+00 1.875E-02
1.522E-01 2.174E-02
9.756E-02 2.143E-02
0.000E+00 7.907E-02
2.703E-01 3.008E-02
1.000E-01 3.685E-02
1.731E-01 4.000E-01
6.221E-02 1.556E-01
0.000E+00 6.250E-02
1.200E-01 0.000E+00
2.500E-01 2.500E-01
6.061E-01 0.000E+00
0.000E+00 5.161E-02
2.295E-01 0.000E+00
1.082E-01 2.219E-01
7.778E-01 6.667E-02
1.667E-01 0.000E+00
2.222E-01 4.772E-01
1.165E+00 0.000E+00
0.000E+00 6.061E-02
3.333E-01 2.000E+00
2.842E-01 3.868E-01
5.000E-01 9.677E-02
4.194E-01 0.000E+00
3.673E-01 6.713E-01
1.575E+00 7.435E-03
1.207E-02 2.019E-02
1.515E-02 1.406E-01
2.553E-03 2.835E-03
0.000E+00 4.144E-03
0.000E+00 1.648E-02
1.111E-01 2.826E-02
0.000E+00 0.000E+00
0.000E+00 3.922E-02
0.000E+00 1.235E-02
0.000E+00 4.647E-02
3.774E-02 1.364E-01
2.975E-02 5.567E-02
2.685E-01 1.786E-02
1.200E-01 1.111E-01
1.892E-01 2.329E-01
5.246E-01 0.000E+00
0.000E+00 9.709E-03
1.389E-02 1.429E-01
5.682E-02 1.128E-01
2.424E-01 5.405E-02
2.778E-02 5.556E-01
8.929E-02 2.667E-01
5.379E-01 0.000E+00
0.000E+00 5.882E-02
0.000E+00 6.667E-01
0.000E+00 0.000E+00
0.000E+00 1.111E-01
4.000E-01 9.231E-01
1.154E-01 3.125E-01
9.728E-01 1.502E-02
8.163E-03 2.052E-02
0.000E+00 7.317E-02
7.338E-03 7.637E-03
3.704E-02 8.658E-03
0.000E+00 1.875E-02
1.522E-01 2.174E-02
9.756E-02 2.143E-02
0.000E+00 7.907E-02
2.703E-01 3.008E-02
1.000E-01 3.685E-02
1.731E-01 4.000E-01
6.221E-02 1.556E-01
0.000E+00 6.250E-02
1.200E-01 0.000E+00
2.500E-01 2.500E-01
6.061E-01 0.000E+00
0.000E+00 5.161E-02
2.295E-01 0.000E+00
1.082E-01 2.219E-01
7.778E-01 6.667E-02
1.667E-01 0.000E+00
2.222E-01 4.772E-01
1.165E+00 0.000E+00
0.000E+00 6.061E-02
3.333E-01 2.000E+00
2.842E-01 3.868E-01
5.000E-01 9.677E-02
4.194E-01 0.000E+00
3.673E-01 6.713E-01
1.575E+00 7.435E-03
1.207E-02 2.019E-02
1.515E-02 1.406E-01
2.553E-03 2.835E-03
0.000E+00 4.144E-03
0.000E+00 1.648E-02
1.111E-01 2.826E-02
0.000E+00 0.000E+00
0.000E+00 3.922E-02
0.000E+00 1.235E-02
0.000E+00 4.647E-02
3.774E-02 1.364E-01
2.975E-02 5.567E-02
2.685E-01 1.786E-02
1.200E-01 1.111E-01
1.892E-01 2.329E-01
5.246E-01 0.000E+00
0.000E+00 9.709E-03
1.389E-02 1.429E-01
5.682E-02 1.128E-01
2.424E-01 5.405E-02
2.778E-02 5.556E-01
8.929E-02 2.667E-01
5.379E-01 0.000E+00
0.000E+00 5.882E-02
0.000E+00 6.667E-01
0.000E+00 0.000E+00
0.000E+00 1.111E-01
4.000E-01 9.231E-01
1.154E-01 3.125E-01
9.728E-01 1.502E-02
8.163E-03 2.052E-02
0.000E+00 7.317E-02
7.338E-03 7.637E-03
3.704E-02 8.658E-03
0.000E+00 1.875E-02
1.522E-01 2.174E-02
9.756E-02 2.143E-02
0.000E+00 7.907E-02
2.703E-01 3.008E-02
1.000E-01 3.685E-02
1.731E-01 4.000E-01
6.221E-02 1.556E-01
0.000E+00 6.250E-02
1.200E-01 0.000E+00
2.500E-01 2.500E-01
6.061E-01 0.000E+00
0.000E+00 5.161E-02
2.295E-01 0.000E+00
1.082E-01 2.219E-01
7.778E-01 6.667E-02
1.667E-01 0.000E+00
2.222E-01 4.772E-01
1.165E+00 0.000E+00
0.000E+00 6.061E-02
3.333E-01 2.000E+00
2.842E-01 3.868E-01
5.000E-01 9.677E-02
4.194E-01 0.000E+00
3.673E-01 6.713E-01
1.575E+00 7.435E-03
1.207E-02 2.019E-02
1.515E-02 1.406E-01
2.553E-03 2.835E-03
0.000E+00 4.144E-03
0.000E+00 1.648E-02
1.111E-01 2.826E-02
0.000E+00 0.000E+00
0.000E+00 3.922E-02
0.000E+00 1.235E-02
0.000E+00 4.647E-02
3.774E-02 1.364E-01
2.975E-02 5.567E-02
2.685E-01 1.786E-02
1.200E-01 1.111E-01
1.892E-01 2.329E-01
5.246E-01 0.000E+00
0.000E+00 9.709E-03
1.389E-02 1.429E-01
5.682E-02 1.128E-01
2.424E-01 5.405E-02
2.778E-02 5.556E-01
8.929E-02 2.667E-01
5.379E-01 0.000E+00
0.000E+00 5.882E-02
0.000E+00 6.667E-01
0.000E+00 0.000E+00
0.000E+00 1.111E-01
4.000E-01 9.231E-01
1.154E-01 3.125E-01
9.728E-01 1.502E-02
8.163E-03 2.052E-02
0.000E+00 7.317E-02
7.338E-03 7.637E-03
3.704E-02 8.658E-03
0.000E+00 1.875E-02
1.522E-01 2.174E-02
9.756E-02 2.143E-02
0.000E+00 7.907E-02
2.703E-01 3.008E-02
1.000E-01 3.685E-02
1.731E-01 4.000E-01
6.221E-02 1.556E-01
0.000E+00 6.250E-02
1.200E-01 0.000E+00
2.500E-01 2.500E-01
6.061E-01 0.000E+00
0.000E+00 5.161E-02
2.295E-01 0.000E+00
1.082E-01 2.219E-01
7.778E-01 6.667E-02
1.667E-01 0.000E+00
2.222E-01 4.772E-01
1.165E+00 0.000E+00
0.000E+00 6.061E-02
3.333E-01 2.000E+00
2.842E-01 3.868E-01
5.000E-01 9.677E-02
4.194E-01 0.000E+00
3.673E-01 6.713E-01
1.575E+00 7.435E-03
1.207E-02 2.019E-02
1.515E-02 1.406E-01
2.553E-03 2.835E-03
0.000E+00 4.144E-03
0.000E+00 1.648E-02
1.111E-01 2.826E-02
0.000E+00 0.000E+00
0.000E+00 3.922E-02
0.000E+00 1.235E-02
0.000E+00 4.647E-02
3.774E-02 1.364E-01
2.975E-02 5.567E-02
2.685E-01 1.786E-02
1.200E-01 1.111E-01
1.892E-01 2.329E-01
5.246E-01 0.000E+00
0.000E+00 9.709E-03
1.389E-02 1.429E-01
5.682E-02 1.128E-01
2.424E-01 5.405E-02
2.778E-02 5.556E-01
8.929E-02 2.667E-01
5.379E-01 0.000E+00
0.000E+00 5.882E-02
0.000E+00 6.667E-01
0.000E+00 0.000E+00
0.000E+00 1.111E-01
4.000E-01 9.231E-01
1.154E-01 3.125E-01
9.728E-01 1.502E-02
8.163E-03 2.052E-02
0.000E+00 7.317E-02
7.338E-03 7.637E-03
3.704E-02 8.658E-03
0.000E+00 1.875E-02
1.522E-01 2.174E-02
9.756E-02 2.143E-02
0.000E+00 7.907E-02
2.703E-01 3.008E-02
1.000E-01 3.685E-02
1.731E-01 4.000E-01
6.221E-02 1.556E-01
0.000E+00 6.250E-02
1.200E-01 0.000E+00
2.500E-01 2.500E-01
6.061E-01 0.000E+00
0.000E+00 5.161E-02
2.295E-01 0.000E+00
1.082E-01 2.219E-01
7.778E-01 6.667E-02
1.667E-01 0.000E+00
2.222E-01 4.772E-01
1.165E+00 0.000E+00
0.000E+00 6.061E-02
3.333E-01 2.000E+00
2.842E-01 3.868E-01
5.000E-01 9.677E-02
4.194E-01 0.000E+00
3.673E-01 6.713E-01
1.575E+00 7.435E-03
1.207E-02 2.019E-02
1.515E-02 1.406E-01
2.553E-03 2.835E-03
0.000E+00 4.144E-03
0.000E+00 1.648E-02
1.111E-01 2.826E-02
0.000E+00 0.000E+00
0.000E+00 3.922E-02
0.000E+00 1.235E-02
0.000E+00 4.647E-02
3.774E-02 1.364E-01
2.975E-02 5.567E-02
2.685E-01 1.786E-02
1.200E-01 1.111E-01
1.892E-01 2.329E-01
5.246E-01 0.000E+00
0.000E+00 9.709E-03
1.389E-02 1.429E-01
5.682E-02 1.128E-01
2.424E-01 5.405E-02
2.778E-02 5.556E-01
8.929E-02 2.667E-01
5.379E-01 0.000E+00
0.000E+00 5.882E-02
0.000E+00 6.667E-01
0.000E+00 0.000E+00
0.000E+00 1.111E-01
4.000E-01 9.231E-01
1.154E-01 3.125E-01
9.728E-01 1.502E-02
8.163E-03 2.052E-02
0.000E+00 7.317E-02
7.338E-03 7.637E-03
3.704E-02 8.658E-03
0.000E+00 1.875E-02
1.522E-01 2.174E-02
9.756E-02 2.143E-02
0.000E+00 7.907E-02
2.703E-01 3.008E-02
1.000E-01 3.685E-02
1.731E-01 4.000E-01
6.221E-02 1.556E-01
0.000E+00 6.250E-02
1.200E-01 0.000E+00
2.500E-01 2.500E-01
6.061E-01 0.000E+00
0.000E+00 5.161E-02
2.295E-01 0.000E+00
1.082E-01 2.219E-01
7.778E-01 6.667E-02
1.667E-01 0.000E+00
2.222E-01 4.772E-01
1.165E+00 0.000E+00
0.000E+00 6.061E-02
3.333E-01 2.000E+00
2.842E-01 3.868E-01
5.000E-01 9.677E-02
4.194E-01 0.000E+00
3.673E-01 6.713E-01
1.575E+00 7.435E-03
1.207E-02 2.019E-02
1.515E-02 1.406E-01
2.553E-03 2.835E-03
0.000E+00 4.144E-03
0.000E+00 1.648E-02
1.111E-01 2.826E-02
0.000E+00 0.000E+00
0.000E+00 3.922E-02
0.000E+00 1.235E-02
0.000E+00 4.647E-02
3.774E-02 1.364E-01
2.975E-02 5.567E-02
2.685E-01 1.786E-02
1.200E-01 1.111E-01
1.892E-01 2.329E-01
5.246E-01 0.000E+00
0.000E+00 9.709E-03
1.389E-02 1.429E-01
5.682E-02 1.128E-01
2.424E-01 5.405E-02
2.778E-02 5.556E-01
8.929E-02 2.667E-01
5.379E-01 0.000E+00
0.000E+00 5.882E-02
0.000E+00 6.667E-01
0.000E+00 0.000E+00
0.000E+00 1.111E-01
4.000E-01 9.231E-01
1.154E-01 3.125E-01
9.728E-01 1.502E-02
8.163E-03 2.052E-02
0.000E+00 7.317E-02
7.338E-03 7.637E-03
3.704E-02 8.658E-03
0.000E+00 1.875E-02
1.522E-01 2.174E-02
9.756E-02 2.143E-02
0.000E+00 7.907E-02
2.703E-01 3.008E-02
1.000E-01 3.685E-02
1.731E-01 4.000E-01
6.221E-02 1.556E-01
0.000E+00 6.250E-02
1.200E-01 0.000E+00
2.500E-01 2.500E-01
6.061E-01 0.000E+00
0.000E+00 5.161E-02
2.295E-01 0.000E+00
1.082E-01 2.219E-01
7.778E-01 6.667E-02
1.667E-01 0.000E+00
2.222E-01 4.772E-01
1.165E+00 0.000E+00
0.000E+00 6.061E-02
3.333E-01 2.000E+00
2.842E-01 3.868E-01
5.000E-01 9.677E-02
4.194E-01 0.000E+00
3.673E-01 6.713E-01
1.575E+00 7.435E-03
1.207E-02 2.019E-02
1.515E-02 1.406E-01
2.553E-03 2.835E-03
0.000E+00 4.144E-03
0.000E+00 1.648E-02
1.111E-01 2.826E-02
0.000E+00 0.000E+00
0.000E+00 3.922E-02
0.000E+00 1.235E-02
0.000E+00 4.647E-02
3.774E-02 1.364E-01
2.975E-02 5.567E-02
2.685E-01 1.786E-02
1.200E-01 1.111E-01
1.892E-01 2.329E-01
5.246E-01 0.000E+00
0.000E+00 9.709E-03
1.389E-02 1.429E-01
5.682E-02 1.128E-01
2.424E-01 5.405E-02
2.778E-02 5.556E-01
8.929E-02 2.667E-01
5.379E-01 0.000E+00
0.000E+00 5.882E-02
0.000E+00 6.667E-01
0.000E+00 0.000E+00
0.000E+00 1.111E-01
4.000E-01 9.231E-01
1.154E-01 3.125E-01
9.728E-01 1.502E-02
8.163E-03 2.052E-02
0.000E+00 7.317E-02
7.338E-03 7.637E-03
3.704E-02 8.658E-03
0.000E+00 1.875E-02
1.522E-01 2.174E-02
9.756E-02 2.143E-02
0.000E+00 7.907E-02
2.703E-01 3.008E-02
1.000E-01 3.685E-02
1.731E-01 4.000E-01
6.221E-02 1.556E-01
0.000E+00 6.250E-02
1.200E-01 0.000E+00
2.500E-01 2.500E-01
6.061E-01 0.000E+00
0.000E+00 5.161E-02
2.295E-01 0.000E+00
1.082E-01 2.219E-01
7.778E-01 6.667E-02
1.667E-01 0.000E+00
2.222E-01 4.772E-01
1.165E+00 0.000E+00
0.000E+00 6.061E-02
3.333E-01 2.000E+00
2.842E-01 3.868E-01
5.000E-01 9.677E-02
4.194E-01 0.000E+00
3.673E-01 6.713E-01
1.575E+00 7.435E-03
1.207E-02 2.019E-02
1.515E-02 1.406E-01
2.553E-03 2.835E-03
0.000E+00 4.144E-03
0.000E+00 1.648E-02
1.111E-01 2.826E-02
0.000E+00 0.000E+00
0.000E+00 3.922E-02
0.000E+00 1.235E-02
0.000E+00 4.647E-02
3.774E-02 1.364E-01
2.975E-02 5.567E-02
2.685E-01 1.786E-02
1.200E-01 1.111E-01
1.892E-01 2.329E-01
5.246E-01 0.000E+00
0.000E+00 9.709E-03
1.389E-02 1.429E-01
5.682E-02 1.128E-01
2.424E-01 5.405E-02
2.778E-02 5.556E-01
8.929E-02 2.667E-01
5.379E-01 0.000E+00
0.000E+00 5.882E-02
0.000E+00 6.667E-01
0.000E+00 0.000E+00
0.000E+00 1.111E-01
4.000E-01 9.231E-01
1.154E-01 3.125E-01
9.728E-01 1.502E-02
8.163E-03 2.052E-02
0.000E+00 7.317E-02
7.338E-03 7.637E-03
3.704E-02 8.658E-03
0.000E+00 1.875E-02
1.522E-01 2.174E-02
9.756E-02 2.143E-02
0.000E+00 7.907E-02
2.703E-01 3.008E-02
1.000E-01 3.685E-02
1.731E-01 4.000E-01
6.221E-02 1.556E-01
0.000E+00 6.250E-02
1.200E-01 0.000E+00
2.500E-01 2.500E-01
6.061E-01 0.000E+00
0.000E+00 5.161E-02
2.295E-01 0.000E+00
1.082E-01 2.219E-01
7.778E-01 6.667E-02
1.667E-01 0.000E+00
2.222E-01 4.772E-01
1.165E+00 0.000E+00
0.000E+00 6.061E-02
3.333E-01 2.000E+00
2.842E-01 3.868E-01
5.000E-01 9.677E-02
4.194E-01 0.000E+00
3.673E-01 6.713E-01
1.575E+00 7.435E-03
1.207E-02 2.019E-02
1.515E-02 1.406E-01
2.553E-03 2.835E-03
0.000E+00 4.144E-03
0.000E+00 1.648E-02
1.111E-01 2.826E-02
0.000E+00 0.000E+00
0.000E+00 3.922E-02
0.000E+00 1.235E-02
0.000E+00 4.647E-02
3.774E-02 1.364E-01
2.975E-02 5.567E-02
2.685E-01 1.786E-02
1.200E-01 1.111E-01
1.892E-01 2.329E-01
5.246E-01 0.000E+00
0.000E+00 9.709E-03
1.389E-02 1.429E-01
5.682E-02 1.128E-01
2.424E-01 5.405E-02
2.778E-02 5.556E-01
8.929E-02 2.667E-01
5.379E-01 0.000E+00
0.000E+00 5.882E-02
0.000E+00 6.667E-01
0.000E+00 0.000E+00
0.000E+00 1.111E-01
4.000E-01 9.231E-01
1.154E-01 3.125E-01
9.728E-01 1.502E-02
8.163E-03 2.052E-02
0.000E+00 7.317E-02
7.338E-03 7.637E-03
3.704E-02 8.658E-03
0.000E+00 1.875E-02
1.522E-01 2.174E-02
9.756E-02 2.143E-02
0.000E+00 7.907E-02
2.703E-01 3.008E-02
1.000E-01 3.685E-02
1.731E-01 4.000E-01
6.221E-02 1.556E-01
0.000E+00 6.250E-02
1.200E-01 0.000E+00
2.500E-01 2.500E-01
6.061E-01 0.000E+00
0.000E+00 5.161E-02
2.295E-01 0.000E+00
1.082E-01 2.219E-01
7.778E-01 6.667E-02
1.667E-01 0.000E+00
2.222E-01 4.772E-01
1.165E+00 0.000E+00
0.000E+00 6.061E-02
3.333E-01 2.000E+00
2.842E-01 3.868E-01
5.000E-01 9.677E-02
4.194E-01 0.000E+00
3.673E-01 6.713E-01
1.575E+00 7.435E-03
1.207E-02 2.019E-02
1.515E-02 1.406E-01
2.553E-03 2.835E-03
0.000E+00 4.144E-03
0.000E+00 1.648E-02
1.111E-01 2.826E-02
0.000E+00 0.000E+00
0.000E+00 3.922E-02
0.000E+00 1.235E-02
0.000E+00 4.647E-02
3.774E-02 1.364E-01
2.975E-02 5.567E-02
2.685E-01 1.786E-02
1.200E-01 1.111E-01
1.892E-01 2.329E-01
5.246E-01 0.000E+00
0.000E+00 9.709E-03
1.389E-02 1.429E-01
5.682E-02 1.128E-01
2.424E-01 5.405E-02
2.778E-02 5.556E-01
8.929E-02 2.667E-01
5.379E-01 0.000E+00
0.000E+00 5.882E-02
0.000E+00 6.667E-01
0.000E+00 0.000E+00
0.000E+00 1.111E-01
4.000E-01 9.231E-01
1.154E-01 3.125E-01
9.728E-01 1.502E-02
8.163E-03 2.052E-02
0.000E+00 7.317E-02
7.338E-03 7.637E-03
3.704E-02 8.658E-03
0.000E+00 1.875E-02
1.522E-01 2.174E-02
9.756E-02 2.143E-02
0.000E+00 7.907E-02
2.703E-01 3.008E-02
1.000E-01 3.685E-02
1.731E-01 4.000E-01
6.221E-02 1.556E-01
0.000E+00 6.250E-02
1.200E-01 0.000E+00
2.500E-01 2.500E-01
6.061E-01 0.000E+00
0.000E+00 5.161E-02
2.295E-01 0.000E+00
1.082E-01 2.219E-01
7.778E-01 6.667E-02
1.667E-01 0.000E+00
2.222E-01 4.772E-01
1.165E+00 0.000E+00
0.000E+00 6.061E-02
3.333E-01 2.000E+00
2.842E-01 3.868E-01
5.000E-01 9.677E-02
4.194E-01 0.000E+00
3.673E-01 6.713E-01
1.575E+00 7.435E-03
1.207E-02 2.019E-02
1.515E-02 1.406E-01
2.553E-03 2.835E-03
0.000E+00 4.144E-03
0.000E+00 1.648E-02
1.111E-01 2.826E-02
0.000E+00 0.000E+00
0.000E+00 3.922E-02
0.000E+00 1.235E-02
0.000E+00 4.647E-02
3.774E-02 1.364E-01
2.975E-02 5.567E-02
2.685E-01 1.786E-02
1.200E-01 1.111E-01
1.892E-01 2.329E-01
5.246E-01 0.000E+00
0.000E+00 9.709E-03
1.389E-02 1.429E-01
5.682E-02 1.128E-01
2.424E-01 5.405E-02
2.778E-02 5.556E-01
8.929E-02 2.667E-01
5.379E-01 0.000E+00
0.000E+00 5.882E-02
0.000E+00 6.667E-01
0.000E+00 0.000E+00
0.000E+00 1.111E-01
4.000E-01 9.231E-01
1.154E-01 3.125E-01
9.728E-01 1.502E-02
8.163E-03 2.052E-02
0.000E+00 7.317E-02
7.338E-03 7.637E-03
3.704E-02 8.658E-03
0.000E+00 1.875E-02
1.522E-01 2.174E-02
9.756E-02 2.143E-02
0.000E+00 7.907E-02
2.703E-01 3.008E-02
1.000E-01 3.685E-02
1.731E-01 4.000E-01
6.221E-02 1.556E-01
0.000E+00 6.250E-02
1.200E-01 0.000E+00
2.500E-01 2.500E-01
6.061E-01 0.000E+00
0.000E+00 5.161E-02
2.295E-01 0.000E+00
1.082E-01 2.219E-01
7.778E-01 6.667E-02
1.667E-01 0.000E+00
2.222E-01 4.772E-01
1.165E+00 0.000E+00
0.000E+00 6.061E-02
3.333E-01 2.000E+00
2.842E-01 3.868E-01
5.000E-01 9.677E-02
4.194E-01 0.000E+00
3.673E-01 6.713E-01
1.575E+00 7.435E-03
1.207E-02 2.019E-02
1.515E-02 1.406E-01
2.553E-03 2.835E-03
0.000E+00 4.144E-03
0.000E+00 1.648E-02
1.111E-01 2.826E-02
0.000E+00 0.000E+00
0.000E+00 3.922E-02
0.000E+00 1.235E-02
0.000E+00 4.647E-02
3.774E-02 1.364E-01
2.975E-02 5.567E-02
2.685E-01 1.786E-02
1.200E-01 1.111E-01
1.892E-01 2.329E-01
5.246E-01 0.000E+00
0.000E+00 9.709E-03
1.389E-02 1.429E-01
5.682E-02 1.128E-01
2.424E-01 5.405E-02
2.778E-02 5.556E-01
8.929E-02 2.667E-01
5.379E-01 0.000E+00
0.000E+00 5.882E-02
0.000E+00 6.667E-01
0.000E+00 0.000E+00
0.000E+00 1.111E-01
4.000E-01 9.231E-01
1.154E-01 3.125E-01
9.728E-01 1.502E-02
8.163E-03 2.052E-02
0.000E+00 7.317E-02
7.338E-03 7.637E-03
3.704E-02 8.658E-03
0.000E+00 1.875E-02
1.522E-01 2.174E-02
9.756E-02 2.143E-02
0.000E+00 7.907E-02
2.703E-01 3.008E-02
1.000E-01 3.685E-02
1.731E-01 4.000E-01
6.221E-02 1.556E-01
0.000E+00 6.250E-02
1.200E-01 0.000E+00
2.500E-01 2.500E-01
6.061E-01 0.000E+00
0.000E+00 5.161E-02
2.295E-01 0.000E+00
1.082E-01 2.219E-01
7.778E-01 6.667E-02
1.667E-01 0.000E+00
2.222E-01 4.772E-01
1.165E+00 0.000E+00
0.000E+00 6.061E-02
3.333E-01 2.000E+00
2.842E-01 3.868E-01
5.000E-01 9.677E-02
4.194E-01 0.000E+00
3.673E-01 6.713E-01
1.575E+00 7.435E-03
1.207E-02 2.019E-02
1.515E-02 1.406E-01
2.553E-03 2.835E-03
0.000E+00 4.144E-03
0.000E+00 1.648E-02
1.111E-01 2.826E-02
0.000E+00 0.000E+00
0.000E+00 3.922E-02
0.000E+00 1.235E-02
0.000E+00 4.647E-02
3.774E-02 1.364E-01
2.975E-02 5.567E-02
2.685E-01 1.786E-02
1.200E-01 1.111E-01
1.892E-01 2.329E-01
5.246E-01 0.000E+00
0.000E+00 9.709E-03
1.389E-02 1.429E-01
5.682E-02 1.128E-01
2.424E-01 5.405E-02
2.778E-02 5.556E-01
8.929E-02 2.667E-01
5.379E-01 0.000E+00
0.000E+00 5.882E-02
0.000E+00 6.667E-01
0.000E+00 0.000E+00
0.000E+00 1.111E-01
4.000E-01 9.231E-01
1.154E-01 3.125E-01
9.728E-01 1.502E-02
8.163E-03 2.052E-02
0.000E+00 7.317E-02
7.338E-03 7.637E-03
3.704E-02 8.658E-03
0.000E+00 1.875E-02
1.522E-01 2.174E-02
9.756E-02 2.143E-02
0.000E+00 7.907E-02
2.703E-01 3.008E-02
1.000E-01 3.685E-02
1.731E-01 4.000E-01
6.221E-02 1.556E-01
0.000E+00 6.250E-02
1.200E-01 0.000E+00
2.500E-01 2.500E-01
6.061E-01 0.000E+00
0.000E+00 5.161E-02
2.295E-01 0.000E+00
1.082E-01 2.219E-01
7.778E-01 6.667E-02
1.667E-01 0.000E+00
2.222E-01 4.772E-01
1.165E+00 0.000E+00
0.000E+00 6.061E-02
3.333E-01 2.000E+00
2.842E-01 3.868E-01
5.000E-01 9.677E-02
4.194E-01 0.000E+00
3.673E-01 6.713E-01
1.575E+00 7.435E-03
1.207E-02 2.019E-02
1.515E-02 1.406E-01
2.553E-03 2.835E-03
0.000E+00 4.144E-03
0.000E+00 1.648E-02
1.111E-01 2.826E-02
0.000E+00 0.000E+00
0.000E+00 3.922E-02
0.000E+00 1.235E-02
0.000E+00 4.647E-02
3.774E-02 1.364E-01
2.975E-02 5.567E-02
2.685E-01 1.786E-02
1.200E-01 1.111E-01
1.892E-01 2.329E-01
5.246E-01 0.000E+00
0.000E+00 9.709E-03
1.389E-02 1.429E-01
5.682E-02 1.128E-01
2.424E-01 5.405E-02
2.778E-02 5.556E-01
8.929E-02 2.667E-01
5.379E-01 0.000E+00
0.000E+00 5.882E-02
0.000E+00 6.667E-01
0.000E+00 0.000E+00
0.000E+00 1.111E-01
4.000E-01 9.231E-01
1.154E-01 3.125E-01
9.728E-01 1.502E-02
8.163E-03 2.052E-02
0.000E+00 7.317E-02
7.338E-03 7.637E-03
3.704E-02 8.658E-03
0.000E+00 1.875E-02
1.522E-01 2.174E-02
9.756E-02 2.143E-02
0.000E+00 7.907E-02
2.703E-01 3.008E-02
1.000E-01 3.685E-02
1.731E-01 4.000E-01
6.221E-02 1.556E-01
0.000E+00 6.250E-02
1.200E-01 0.000E+00
2.500E-01 2.500E-01
6.061E-01 0.000E+00
0.000E+00 5.161E-02
2.295E-01 0.000E+00
1.082E-01 2.219E-01
7.778E-01 6.667E-02
1.667E-01 0.000E+00
2.222E-01 4.772E-01
1.165E+00 0.000E+00
0.000E+00 6.061E-02
3.333E-01 2.000E+00
2.842E-01 3.868E-01
5.000E-01 9.677E-02
4.194E-01 0.000E+00
3.673E-01 6.713E-01
1.575E+00 7.435E-03
1.207E-02 2.019E-02
1.515E-02 1.406E-01
2.553E-03 2.835E-03
0.000E+00 4.144E-03
0.000E+00 1.648E-02
1.111E-01 2.826E-02
0.000E+00 0.000E+00
0.000E+00 3.922E-02
0.000E+00 1.235E-02
0.000E+00 4.647E-02
3.774E-02 1.364E-01
2.975E-02 5.567E-02
2.685E-01 1.786E-02
1.200E-01 1.111E-01
1.892E-01 2.329E-01
5.246E-01 0.000E+00
0.000E+00 9.709E-03
1.389E-02 1.429E-01
5.682E-02 1.128E-01
2.424E-01 5.405E-02
2.778E-02 5.556E-01
8.929E-02 2.667E-01
5.379E-01 0.000E+00
0.000E+00 5.882E-02
0.000E+00 6.667E-01
0.000E+00 0.000E+00
0.000E+00 1.111E-01
4.000E-01 9.231E-01
1.154E-01 3.125E-01
9.728E-01 1.502E-02
8.163E-03 2.052E-02
0.000E+00 7.317E-02
7.338E-03 7.637E-03
3.704E-02 8.658E-03
0.000E+00 1.875E-02
1.522E-01 2.174E-02
9.756E-02 2.143E-02
0.000E+00 7.907E-02
2.703E-01 3.008E-02
1.000E-01 3.685E-02
1.731E-01 4.000E-01
6.221E-02 1.556E-01
0.000E+00 6.250E-02
1.200E-01 0.000E+00
2.500E-01 2.500E-01
6.061E-01 0.000E+00
0.000E+00 5.161E-02
2.295E-01 0.000E+00
1.082E-01 2.219E-01
7.778E-01 6.667E-02
1.667E-01 0.000E+00
2.222E-01 4.772E-01
1.165E+00 0.000E+00
0.000E+00 6.061E-02
3.333E-01 2.000E+00
2.842E-01 3.868E-01
5.000E-01 9.677E-02
4.194E-01 0.000E+00
3.673E-01 6.713E-01
1.575E+00 7.435E-03
1.207E-02 2.019E-02
1.515E-02 1.406E-01
2.553E-03 2.835E-03
0.000E+00 4.144E-03
0.000E+00 1.648E-02
1.111E-01 2.826E-02
0.000E+00 0.000E+00
0.000E+00 3.922E-02
0.000E+00 1.235E-02
0.000E+00 4.647E-02
3.774E-02 1.364E-01
2.975E-02 5.567E-02
2.685E-01 1.786E-02
1.200E-01 1.111E-01
1.892E-01 2.329E-01
5.246E-01 0.000E+00
0.000E+00 9.709E-03
1.389E-02 1.429E-01
5.682E-02 1.128E-01
2.424E-01 5.405E-02
2.778E-02 5.556E-01
8.929E-02 2.667E-01
5.379E-01 0.000E+00
0.000E+00 5.882E-02
0.000E+00 6.667E-01
0.000E+00 0.000E+00
0.000E+00 1.111E-01
4.000E-01 9.231E-01
1.154E-01 3.125E-01
9.728E-01 1.502E-02
8.163E-03 2.052E-02
0.000E+00 7.317E-02
7.338E-03 7.637E-03
3.704E-02 8.658E-03
0.000E+00 1.875E-02
1.522E-01 2.174E-02
9.756E-02 2.143E-02
0.000E+00 7.907E-02
2.703E-01 3.008E-02
1.000E-01 3.685E-02
1.731E-01 4.000E-01
6.221E-02 1.556E-01
0.000E+00 6.250E-02
1.200E-01 0.000E+00
2.500E-01 2.500E-01
6.061E-01 0.000E+00
0.000E+00 5.161E-02
2.295E-01 0.000E+00
1.082E-01 2.219E-01
7.778E-01 6.667E-02
1.667E-01 0.000E+00
2.222E-01 4.772E-01
1.165E+00 0.000E+00
0.000E+00 6.061E-02
3.333E-01 2.000E+00
2.842E-01 3.868E-01
5.000E-01 9.677E-02
4.194E-01 0.000E+00
3.673E-01 6.713E-01
1.575E+00 7.435E-03
1.207E-02 2.019E-02
1.515E-02 1.406E-01
2.553E-03 2.835E-03
0.000E+00 4.144E-03
0.000E+00 1.648E-02
1.111E-01 2.826E-02
0.000E+00 0.000E+00
0.000E+00 3.922E-02
0.000E+00 1.235E-02
0.000E+00 4.647E-02
3.774E-02 1.364E-01
2.975E-02 5.567E-02
2.685E-01 1.786E-02
1.200E-01 1.111E-01
1.892E-01 2.329E-01
5.246E-01 0.000E+00
0.000E+00 9.709E-03
1.389E-02 1.429E-01
5.682E-02 1.128E-01
2.424E-01 5.405E-02
2.778E-02 5.556E-01
8.929E-02 2.667E-01
5.379E-01 0.000E+00
0.000E+00 5.882E-02
0.000E+00 6.667E-01
0.000E+00 0.000E+00
0.000E+00 1.111E-01
4.000E-01 9.231E-01
1.154E-01 3.125E-01
9.728E-01 1.502E-02
8.163E-03 2.052E-02
0.000E+00 7.317E-02
7.338E-03 7.637E-03
3.704E-02 8.658E-03
0.000E+00 1.875E-02
1.522E-01 2.174E-02
9.756E-02 2.143E-02
0.000E+00 7.907E-02
2.703E-01 3.008E-02
1.000E-01 3.685E-02
1.731E-01 4.000E-01
6.221E-02 1.556E-01
0.000E+00 6.250E-02
1.200E-01 0.000E+00
2.500E-01 2.500E-01
6.061E-01 0.000E+00
0.000E+00 5.161E-02
2.295E-01 0.000E+00
1.082E-01 2.219E-01
7.778E-01 6.667E-02
1.667E-01 0.000E+00
2.222E-01 4.772E-01
1.165E+00 0.000E+00
0.000E+00 6.061E-02
3.333E-01 2.000E+00
2.842E-01 3.868E-01
5.000E-01 9.677E-02
4.194E-01 0.000E+00
3.673E-01 6.713E-01
1.575E+00 7.435E-03
1.207E-02 2.019E-02
1.515E-02 1.406E-01
2.553E-03 2.835E-03
0.000E+00 4.144E-03
0.000E+00 1.648E-02
1.111E-01 2.826E-02
0.000E+00 0.000E+00
0.000E+00 3.922E-02
0.000E+00 1.235E-02
0.000E+00 4.647E-02
3.774E-02 1.364E-01
2.975E-02 5.567E-02
2.685E-01 1.786E-02
1.200E-01 1.111E-01
1.892E-01 2.329E-01
5.246E-01 0.000E+00
0.000E+00 9.709E-03
1.389E-02 1.429E-01
5.682E-02 1.128E-01
2.424E-01 5.405E-02
2.778E-02 5.556E-01
8.929E-02 2.667E-01
5.379E-01 0.000E+00
0.000E+00 5.882E-02
0.000E+00 6.667E-01
0.000E+00 0.000E+00
0.000E+00 1.111E-01
4.000E-01 9.231E-01
1.154E-01 3.125E-01
9.728E-01 1.502E-02
8.163E-03 2.052E-02
0.000E+00 7.317E-02
7.338E-03 7.637E-03
3.704E-02 8.658E-03
0.000E+00 1.875E-02
1.522E-01 2.174E-02
9.756E-02 2.143E-02
0.000E+00 7.907E-02
2.703E-01 3.008E-02
1.000E-01 3.685E-02
1.731E-01 4.000E-01
6.221E-02 1.556E-01
0.000E+00 6.250E-02
1.200E-01 0.000E+00
2.500E-01 2.500E-01
6.061E-01 0.000E+00
0.000E+00 5.161E-02
2.295E-01 0.000E+00
1.082E-01 2.219E-01
7.778E-01 6.667E-02
1.667E-01 0.000E+00
2.222E-01 4.772E-01
1.165E+00 0.000E+00
0.000E+00 6.061E-02
3.333E-01 2.000E+00
2.842E-01 3.868E-01
5.000E-01 9.677E-02
4.194E-01 0.000E+00
3.673E-01 6.713E-01
1.575E+00 7.435E-03
1.207E-02 2.019E-02
1.515E-02 1.406E-01
2.553E-03 2.835E-03
0.000E+00 4.144E-03
0.000E+00 1.648E-02
1.111E-01 2.826E-02
0.000E+00 0.000E+00
0.000E+00 3.922E-02
0.000E+00 1.235E-02
0.000E+00 4.647E-02
3.774E-02 1.364E-01
2.975E-02 5.567E-02
2.685E-01 1.786E-02
1.200E-01 1.111E-01
1.892E-01 2.329E-01
5.246E-01 0.000E+00
0.000E+00 9.709E-03
1.389E-02 1.429E-01
5.682E-02 1.128E-01
2.424E-01 5.405E-02
2.778E-02 5.556E-01
8.929E-02 2.667E-01
5.379E-01 0.000E+00
0.000E+00 5.882E-02
0.000E+00 6.667E-01
0.000E+00 0.000E+00
0.000E+00 1.111E-01
4.000E-01 9.231E-01
1.154E-01 3.125E-01
9.728E-01 1.502E-02
8.163E-03 2.052E-02
0.000E+00 7.317E-02
7.338E-03 7.637E-03
3.704E-02 8.658E-03
0.000E+00 1.875E-02
1.522E-01 2.174E-02
9.756E-02 2.143E-02
0.000E+00 7.907E-02
2.703E-01 3.008E-02
1.000E-01 3.685E-02
1.731E-01 4.000E-01
6.221E-02 1.556E-01
0.000E+00 6.250E-02
1.200E-01 0.000E+00
2.500E-01 2.500E-01
6.061E-01 0.000E+00
0.000E+00 5.161E-02
2.295E-01 0.000E+00
1.082E-01 2.219E-01
7.778E-01 6.667E-02
1.667E-01 0.000E+00
2.222E-01 4.772E-01
1.165E+00 0.000E+00
0.000E+00 6.061E-02
3.333E-01 2.000E+00
2.842E-01 3.868E-01
5.000E-01 9.677E-02
4.194E-01 0.000E+00
3.673E-01 6.713E-01
1.575E+00 7.435E-03
1.207E-02 2.019E-02
1.515E-02 1.406E-01
2.553E-03 2.835E-03
0.000E+00 4.144E-03
0.000E+00 1.648E-02
1.111E-01 2.826E-02
0.000E+00 0.000E+00
0.000E+00 3.922E-02
0.000E+00 1.235E-02
0.000E+00 4.647E-02
3.774E-02 1.364E-01
2.975E-02 5.567E-02
2.685E-01 1.786E-02
1.200E-01 1.111E-01
1.892E-01 2.329E-01
5.246E-01 0.000E+00
0.000E+00 9.709E-03
1.389E-02 1.429E-01
5.682E-02 1.128E-01
2.424E-01 5.405E-02
2.778E-02 5.556E-01
8.929E-02 2.667E-01
5.379E-01 0.000E+00
0.000E+00 5.882E-02
0.000E+00 6.667E-01
0.000E+00 0.000E+00
0.000E+00 1.111E-01
4.000E-01 9.231E-01
1.154E-01 3.125E-01
9.728E-01 1.502E-02
8.163E-03 2.052E-02
0.000E+00 7.317E-02
7.338E-03 7.637E-03
3.704E-02 8.658E-03
0.000E+00 1.875E-02
1.522E-01 2.174E-02
9.756E-02 2.143E-02
0.000E+00 7.907E-02
2.703E-01 3.008E-02
1.000E-01 3.685E-02
1.731E-01 4.000E-01
6.221E-02 1.556E-01
0.000E+00 6.250E-02
1.200E-01 0.000E+00
2.500E-01 2.500E-01
6.061E-01 0.000E+00
0.000E+00 5.161E-02
2.295E-01 0.000E+00
1.082E-01 2.219E-01
7.778E-01 6.667E-02
1.667E-01 0.000E+00
2.222E-01 4.772E-01
1.165E+00 0.000E+00
0.000E+00 6.061E-02
3.333E-01 2.000E+00
2.842E-01 3.868E-01
5.000E-01 9.677E-02
4.194E-01 0.000E+00
3.673E-01 6.713E-01
1.575E+00 7.435E-03
1.207E-02 2.019E-02
1.515E-02 1.406E-01
2.553E-03 2.835E-03
0.000E+00 4.144E-03
0.000E+00 1.648E-02
1.111E-01 2.826E-02
0.000E+00 0.000E+00
0.000E+00 3.922E-02
0.000E+00 1.235E-02
0.000E+00 4.647E-02
3.774E-02 1.364E-01
2.975E-02 5.567E-02
2.685E-01 1.786E-02
1.200E-01 1.111E-01
1.892E-01 2.329E-01
5.246E-01 0.000E+00
0.000E+00 9.709E-03
1.389E-02 1.429E-01
5.682E-02 1.128E-01
2.424E-01 5.405E-02
2.778E-02 5.556E-01
8.929E-02 2.667E-01
5.379E-01 0.000E+00
0.000E+00 5.882E-02
0.000E+00 6.667E-01
0.000E+00 0.000E+00
0.000E+00 1.111E-01
4.000E-01 9.231E-01
1.154E-01 3.125E-01
9.728E-01 1.502E-02
8.163E-03 2.052E-02
0.000E+00 7.317E-02
7.338E-03 7.637E-03
3.704E-02 8.658E-03
0.000E+00 1.875E-02
1.522E-01 2.174E-02
9.756E-02 2.143E-02
0.000E+00 7.907E-02
2.703E-01 3.008E-02
1.000E-01 3.685E-02
1.731E-01 4.000E-01
6.221E-02 1.556E-01
0.000E+00 6.250E-02
1.200E-01 0.000E+00
2.500E-01 2.500E-01
6.061E-01 0.000E+00
0.000E+00 5.161E-02
2.295E-01 0.000E+00
1.082E-01 2.219E-01
7.778E-01 6.667E-02
1.667E-01 0.000E+00
2.222E-01 4.772E-01
1.165E+00 0.000E+00
0.000E+00 6.061E-02
3.333E-01 2.000E+00
2.842E-01 3.868E-01
5.000E-01 9.677E-02
4.194E-01 0.000E+00
3.673E-01 6.713E-01
1.575E+00 7.435E-03
1.207E-02 2.019E-02
1.515E-02 1.406E-01
2.553E-03 2.835E-03
0.000E+00 4.144E-03
0.000E+00 1.648E-02
1.111E-01 2.826E-02
0.000E+00 0.000E+00
0.000E+00 3.922E-02
0.000E+00 1.235E-02
0.000E+00 4.647E-02
3.774E-02 1.364E-01
2.975E-02 5.567E-02
2.685E-01 1.786E-02
1.200E-01 1.111E-01
1.892E-01 2.329E-01
5.246E-01 0.000E+00
0.000E+00 9.709E-03
1.389E-02 1.429E-01
5.682E-02 1.128E-01
2.424E-01 5.405E-02
2.778E-02 5.556E-01
8.929E-02 2.667E-01
5.379E-01 0.000E+00
0.000E+00 5.882E-02
0.000E+00 6.667E-01
0.000E+00 0.000E+00
0.000E+00 1.111E-01
4.000E-01 9.231E-01
1.154E-01 3.125E-01
9.728E-01 1.502E-02
8.163E-03 2.052E-02
0.000E+00 7.317E-02
7.338E-03 7.637E-03
3.704E-02 8.658E-03
0.000E+00 1.875E-02
1.522E-01 2.174E-02
9.756E-02 2.143E-02
0.000E+00 7.907E-02
2.703E-01 3.008E-02
1.000E-01 3.685E-02
1.731E-01 4.000E-01
6.221E-02 1.556E-01
0.000E+00 6.250E-02
1.200E-01 0.000E+00
2.500E-01 2.500E-01
6.061E-01 0.000E+00
0.000E+00 5.161E-02
2.295E-01 0.000E+00
1.082E-01 2.219E-01
7.778E-01 6.667E-02
1.667E-01 0.000E+00
2.222E-01 4.772E-01
1.165E+00 0.000E+00
0.000E+00 6.061E-02
3.333E-01 2.000E+00
2.842E-01 3.868E-01
5.000E-01 9.677E-02
4.194E-01 0.000E+00
3.673E-01 6.713E-01
1.575E+00 7.435E-03
1.207E-02 2.019E-02
1.515E-02 1.406E-01
2.553E-03 2.835E-03
0.000E+00 4.144E-03
0.000E+00 1.648E-02
1.111E-01 2.826E-02
0.000E+00 0.000E+00
0.000E+00 3.922E-02
0.000E+00 1.235E-02
0.000E+00 4.647E-02
3.774E-02 1.364E-01
2.975E-02 5.567E-02
2.685E-01 1.786E-02
1.200E-01 1.111E-01
1.892E-01 2.329E-01
5.246E-01 0.000E+00
0.000E+00 9.709E-03
1.389E-02 1.429E-01
5.682E-02 1.128E-01
2.424E-01 5.405E-02
2.778E-02 5.556E-01
8.929E-02 2.667E-01
5.379E-01 0.000E+00
0.000E+00 5.882E-02
0.000E+00 6.667E-01
0.000E+00 0.000E+00
0.000E+00 1.111E-01
4.000E-01 9.231E-01
1.154E-01 3.125E-01
9.728E-01 1.502E-02
8.163E-03 2.052E-02
0.000E+00 7.317E-02
7.338E-03 7.637E-03
3.704E-02 8.658E-03
0.000E+00 1.875E-02
1.522E-01 2.174E-02
9.756E-02 2.143E-02
0.000E+00 7.907E-02
2.703E-01 3.008E-02
1.000E-01 3.685E-02
1.731E-01 4.000E-01
6.221E-02 1.556E-01
0.000E+00 6.250E-02
1.200E-01 0.000E+00
2.500E-01 2.500E-01
6.061E-01 0.000E+00
0.000E+00 5.161E-02
2.295E-01 0.000E+00
1.082E-01 2.219E-01
7.778E-01 6.667E-02
1.667E-01 0.000E+00
2.222E-01 4.772E-01
1.165E+00 0.000E+00
0.000E+00 6.061E-02
3.333E-01 2.000E+00
2.842E-01 3.868E-01
5.000E-01 9.677E-02
4.194E-01 0.000E+00
3.673E-01 6.713E-01
1.575E+00 7.435E-03
1.207E-02 2.019E-02
1.515E-02 1.406E-01
2.553E-03 2.835E-03
0.000E+00 4.144E-03
0.000E+00 1.648E-02
1.111E-01 2.826E-02
0.000E+00 0.000E+00
0.000E+00 3.922E-02
0.000E+00 1.235E-02
0.000E+00 4.647E-02
3.774E-02 1.364E-01
2.975E-02 5.567E-02
2.685E-01 1.786E-02
1.200E-01 1.111E-01
1.892E-01 2.329E-01
5.246E-01 0.000E+00
0.000E+00 9.709E-03
1.389E-02 1.429E-01
5.682E-02 1.128E-01
2.424E-01 5.405E-02
2.778E-02 5.556E-01
8.929E-02 2.667E-01
5.379E-01 0.000E+00
0.000E+00 5.882E-02
0.000E+00 6.667E-01
0.000E+00 0.000E+00
0.000E+00 1.111E-01
4.000E-01 9.231E-01
1.154E-01 3.125E-01
9.728E-01 1.502E-02
8.163E-03 2.052E-02
0.000E+00 7.317E-02
7.338E-03 7.637E-03
3.704E-02 8.658E-03
0.000E+00 1.875E-02
1.522E-01 2.174E-02
9.756E-02 2.143E-02
0.000E+00 7.907E-02
2.703E-01 3.008E-02
1.000E-01 3.685E-02
1.731E-01 4.000E-01
6.221E-02 1.556E-01
0.000E+00 6.250E-02
1.200E-01 0.000E+00
2.500E-01 2.500E-01
6.061E-01 0.000E+00
0.000E+00 5.161E-02
2.295E-01 0.000E+00
1.082E-01 2.219E-01
7.778E-01 6.667E-02
1.667E-01 0.000E+00
2.222E-01 4.772E-01
1.165E+00 0.000E+00
0.000E+00 6.061E-02
3.333E-01 2.000E+00
2.842E-01 3.868E-01
5.000E-01 9.677E-02
4.194E-01 0.000E+00
3.673E-01 6.713E-01
1.575E+00 7.435E-03
1.207E-02 2.019E-02
1.515E-02 1.406E-01
2.553E-03 2.835E-03
0.000E+00 4.144E-03
0.000E+00 1.648E-02
1.111E-01 2.826E-02
0.000E+00 0.000E+00
0.000E+00 3.922E-02
0.000E+00 1.235E-02
0.000E+00 4.647E-02
3.774E-02 1.364E-01
2.975E-02 5.567E-02
2.685E-01 1.786E-02
1.200E-01 1.111E-01
1.892E-01 2.329E-01
5.246E-01 0.000E+00
0.000E+00 9.709E-03
1.389E-02 1.429E-01
5.682E-02 1.128E-01
2.424E-01 5.405E-02
2.778E-02 5.556E-01
8.929E-02 2.667E-01
5.379E-01 0.000E+00
0.000E+00 5.882E-02
0.000E+00 6.667E-01
0.000E+00 0.000E+00
0.000E+00 1.111E-01
4.000E-01 9.231E-01
1.154E-01 3.125E-01
9.728E-01 1.502E-02
8.163E-03 2.052E-02
0.000E+00 7.317E-02
7.338E-03 7.637E-03
3.704E-02 8.658E-03
0.000E+00 1.875E-02
1.522E-01 2.174E-02
9.756E-02 2.143E-02
0.000E+00 7.907E-02
2.703E-01 3.008E-02
1.000E-01 3.685E-02
1.731E-01 4.000E-01
6.221E-02 1.556E-01
0.000E+00 6.250E-02
1.200E-01 0.000E+00
2.500E-01 2.500E-01
6.061E-01 0.000E+00
0.000E+00 5.161E-02
2.295E-01 0.000E+00
1.082E-01 2.219E-01
7.778E-01 6.667E-02
1.667E-01 0.000E+00
2.222E-01 4.772E-01
1.165E+00 0.000E+00
0.000E+00 6.061E-02
3.333E-01 2.000E+00
2.842E-01 3.868E-01
5.000E-01 9.677E-02
4.194E-01 0.000E+00
3.673E-01 6.713E-01
1.575E+00 7.435E-03
1.207E-02 2.019E-02
1.515E-02 1.406E-01
2.553E-03 2.835E-03
0.000E+00 4.144E-03
0.000E+00 1.648E-02
1.111E-01 2.826E-02
0.000E+00 0.000E+00
0.000E+00 3.922E-02
0.000E+00 1.235E-02
0.000E+00 4.647E-02
3.774E-02 1.364E-01
2.975E-02 5.567E-02
2.685E-01 1.786E-02
1.200E-01 1.111E-01
1.892E-01 2.329E-01
5.246E-01 0.000E+00
0.000E+00 9.709E-03
1.389E-02 1.429E-01
5.682E-02 1.128E-01
2.424E-01 5.405E-02
2.778E-02 5.556E-01
8.929E-02 2.667E-01
5.379E-01 0.000E+00
0.000E+00 5.882E-02
0.000E+00 6.667E-01
0.000E+00 0.000E+00
0.000E+00 1.111E-01
4.000E-01 9.231E-01
1.154E-01 3.125E-01
9.728E-01 1.502E-02
8.163E-03 2.052E-02
0.000E+00 7.317E-02
7.338E-03 7.637E-03
3.704E-02 8.658E-03
0.000E+00 1.875E-02
1.522E-01 2.174E-02
9.756E-02 2.143E-02
0.000E+00 7.907E-02
2.703E-01 3.008E-02
1.000E-01 3.685E-02
1.731E-01 4.000E-01
6.221E-02 1.556E-01
0.000E+00 6.250E-02
1.200E-01 0.000E+00
2.500E-01 2.500E-01
6.061E-01 0.000E+00
0.000E+00 5.161E-02
2.295E-01 0.000E+00
1.082E-01 2.219E-01
7.778E-01 6.667E-02
1.667E-01 0.000E+00
2.222E-01 4.772E-01
1.165E+00 0.000E+00
0.000E+00 6.061E-02
3.333E-01 2.000E+00
2.842E-01 3.868E-01
5.000E-01 9.677E-02
4.194E-01 0.000E+00
3.673E-01 6.713E-01
1.575E+00 7.435E-03
1.207E-02 2.019E-02
1.515E-02 1.406E-01
2.553E-03 2.835E-03
0.000E+00 4.144E-03
0.000E+00 1.648E-02
1.111E-01 2.826E-02
0.000E+00 0.000E+00
0.000E+00 3.922E-02
0.000E+00 1.235E-02
0.000E+00 4.647E-02
3.774E-02 1.364E-01
2.975E-02 5.567E-02
2.685E-01 1.786E-02
1.200E-01 1.111E-01
1.892E-01 2.329E-01
5.246E-01 0.000E+00
0.000E+00 9.709E-03
1.389E-02 1.429E-01
5.682E-02 1.128E-01
2.424E-01 5.405E-02
2.778E-02 5.556E-01
8.929E-02 2.667E-01
5.379E-01 0.000E+00
0.000E+00 5.882E-02
0.000E+00 6.667E-01
0.000E+00 0.000E+00
0.000E+00 1.111E-01
4.000E-01 9.231E-01
1.154E-01 3.125E-01
9.728E-01 1.502E-02
8.163E-03 2.052E-02
0.000E+00 7.317E-02
7.338E-03 7.637E-03
3.704E-02 8.658E-03
0.000E+00 1.875E-02
1.522E-01 2.174E-02
9.756E-02 2.143E-02
0.000E+00 7.907E-02
2.703E-01 3.008E-02
1.000E-01 3.685E-02
1.731E-01 4.000E-01
6.221E-02 1.556E-01
0.000E+00 6.250E-02
1.200E-01 0.000E+00
2.500E-01 2.500E-01
6.061E-01 0.000E+00
0.000E+00 5.161E-02
2.295E-01 0.000E+00
1.082E-01 2.219E-01
7.778E-01 6.667E-02
1.667E-01 0.000E+00
2.222E-01 4.772E-01
1.165E+00 0.000E+00
0.000E+00 6.061E-02
3.333E-01 2.000E+00
2.842E-01 3.868E-01
5.000E-01 9.677E-02
4.194E-01 0.000E+00
3.673E-01 6.713E-01
1.575E+00 7.435E-03
1.207E-02 2.019E-02
1.515E-02 1.406E-01
2.553E-03 2.835E-03
0.000E+00 4.144E-03
0.000E+00 1.648E-02
1.111E-01 2.826E-02
0.000E+00 0.000E+00
0.000E+00 3.922E-02
0.000E+00 1.235E-02
0.000E+00 4.647E-02
3.774E-02 1.364E-01
2.975E-02 5.567E-02
2.685E-01 1.786E-02
1.200E-01 1.111E-01
1.892E-01 2.329E-01
5.246E-01 0.000E+00
0.000E+00 9.709E-03
1.389E-02 1.429E-01
5.682E-02 1.128E-01
2.424E-01 5.405E-02
2.778E-02 5.556E-01
8.929E-02 2.667E-01
5.379E-01 0.000E+00
0.000E+00 5.882E-02
0.000E+00 6.667E-01
0.000E+00 0.000E+00
0.000E+00 1.111E-01
4.000E-01 9.231E-01
1.154E-01 3.125E-01
9.728E-01 1.502E-02
8.163E-03 2.052E-02
0.000E+00 7.317E-02
7.338E-03 7.637E-03
3.704E-02 8.658E-03
0.000E+00 1.875E-02
1.522E-01 2.174E-02
9.756E-02 2.143E-02
0.000E+00 7.907E-02
2.703E-01 3.008E-02
1.000E-01 3.685E-02
1.731E-01 4.000E-01
6.221E-02 1.556E-01
0.000E+00 6.250E-02
1.200E-01 0.000E+00
2.500E-01 2.500E-01
6.061E-01 0.000E+00
0.000E+00 5.161E-02
2.295E-01 0.000E+00
1.082E-01 2.219E-01
7.778E-01 6.667E-02
1.667E-01 0.000E+00
2.222E-01 4.772E-01
1.165E+00 0.000E+00
0.000E+00 6.061E-02
3.333E-01 2.000E+00
2.842E-01 3.868E-01
5.000E-01 9.677E-02
4.194E-01 0.000E+00
3.673E-01 6.713E-01
1.575E+00 7.435E-03
1.207E-02 2.019E-02
1.515E-02 1.406E-01
2.553E-03 2.835E-03
0.000E+00 4.144E-03
0.000E+00 1.648E-02
1.111E-01 2.826E-02
0.000E+00 0.000E+00
0.000E+00 3.922E-02
0.000E+00 1.235E-02
0.000E+00 4.647E-02
3.774E-02 1.364E-01
2.975E-02 5.567E-02
2.685E-01 1.786E-02
1.200E-01 1.111E-01
1.892E-01 2.329E-01
5.246E-01 0.000E+00
0.000E+00 9.709E-03
1.389E-02 1.429E-01
5.682E-02 1.128E-01
2.424E-01 5.405E-02
2.778E-02 5.556E-01
8.929E-02 2.667E-01
5.379E-01 0.000E+00
0.000E+00 5.882E-02
0.000E+00 6.667E-01
0.000E+00 0.000E+00
0.000E+00 1.111E-01
4.000E-01 9.231E-01
1.154E-01 3.125E-01
9.728E-01 1.502E-02
8.163E-03 2.052E-02
0.000E+00 7.317E-02
7.338E-03 7.637E-03
3.704E-02 8.658E-03
0.000E+00 1.875E-02
1.522E-01 2.174E-02
9.756E-02 2.143E-02
0.000E+00 7.907E-02
2.703E-01 3.008E-02
1.000E-01 3.685E-02
1.731E-01 4.000E-01
6.221E-02 1.556E-01
0.000E+00 6.250E-02
1.200E-01 0.000E+00
2.500E-01 2.500E-01
6.061E-01 0.000E+00
0.000E+00 5.161E-02
2.295E-01 0.000E+00
1.082E-01 2.219E-01
7.778E-01 6.667E-02
1.667E-01 0.000E+00
2.222E-01 4.772E-01
1.165E+00 0.000E+00
0.000E+00 6.061E-02
3.333E-01 2.000E+00
2.842E-01 3.868E-01
5.000E-01 9.677E-02
4.194E-01 0.000E+00
3.673E-01 6.713E-01
1.575E+00 7.435E-03
1.207E-02 2.019E-02
1.515E-02 1.406E-01
2.553E-03 2.835E-03
0.000E+00 4.144E-03
0.000E+00 1.648E-02
1.111E-01 2.826E-02
0.000E+00 0.000E+00
0.000E+00 3.922E-02
0.000E+00 1.235E-02
0.000E+00 4.647E-02
3.774E-02 1.364E-01
2.975E-02 5.567E-02
2.685E-01 1.786E-02
1.200E-01 1.111E-01
1.892E-01 2.329E-01
5.246E-01 0.000E+00
0.000E+00 9.709E-03
1.389E-02 1.429E-01
5.682E-02 1.128E-01
2.424E-01 5.405E-02
2.778E-02 5.556E-01
8.929E-02 2.667E-01
5.379E-01 0.000E+00
0.000E+00 5.882E-02
0.000E+00 6.667E-01
0.000E+00 0.000E+00
0.000E+00 1.111E-01
4.000E-01 9.231E-01
1.154E-01 3.125E-01
9.728E-01 1.502E-02
8.163E-03 2.052E-02
0.000E+00 7.317E-02
7.338E-03 7.637E-03
3.704E-02 8.658E-03
0.000E+00 1.875E-02
1.522E-01 2.174E-02
9.756E-02 2.143E-02
0.000E+00 7.907E-02
2.703E-01 3.008E-02
1.000E-01 3.685E-02
1.731E-01 4.000E-01
6.221E-02 1.556E-01
0.000E+00 6.250E-02
1.200E-01 0.000E+00
2.500E-01 2.500E-01
6.061E-01 0.000E+00
0.000E+00 5.161E-02
2.295E-01 0.000E+00
1.082E-01 2.219E-01
7.778E-01 6.667E-02
1.667E-01 0.000E+00
2.222E-01 4.772E-01
1.165E+00 0.000E+00
0.000E+00 6.061E-02
3.333E-01 2.000E+00
2.842E-01 3.868E-01
5.000E-01 9.677E-02
4.194E-01 0.000E+00
3.673E-01 6.713E-01
1.575E+00 7.435E-03
1.207E-02 2.019E-02
1.515E-02 1.406E-01
2.553E-03 2.835E-03
0.000E+00 4.144E-03
0.000E+00 1.648E-02
1.111E-01 2.826E-02
0.000E+00 0.000E+00
0.000E+00 3.922E-02
0.000E+00 1.235E-02
0.000E+00 4.647E-02
3.774E-02 1.364E-01
2.975E-02 5.567E-02
2.685E-01 1.786E-02
1.200E-01 1.111E-01
1.892E-01 2.329E-01
5.246E-01 0.000E+00
0.000E+00 9.709E-03
1.389E-02 1.429E-01
5.682E-02 1.128E-01
2.424E-01 5.405E-02
2.778E-02 5.556E-01
8.929E-02 2.667E-01
5.379E-01 0.000E+00
0.000E+00 5.882E-02
0.000E+00 6.667E-01
0.000E+00 0.000E+00
0.000E+00 1.111E-01
4.000E-01 9.231E-01
1.154E-01 3.125E-01
9.728E-01 1.502E-02
8.163E-03 2.052E-02
0.000E+00 7.317E-02
7.338E-03 7.637E-03
3.704E-02 8.658E-03
0.000E+00 1.875E-02
1.522E-01 2.174E-02
9.756E-02 2.143E-02
0.000E+00 7.907E-02
2.703E-01 3.008E-02
1.000E-01 3.685E-02
1.731E-01 4.000E-01
6.221E-02 1.556E-01
0.000E+00 6.250E-02
1.200E-01 0.000E+00
2.500E-01 2.500E-01
6.061E-01 0.000E+00
0.000E+00 5.161E-02
2.295E-01 0.000E+00
1.082E-01 2.219E-01
7.778E-01 6.667E-02
1.667E-01 0.000E+00
2.222E-01 4.772E-01
1.165E+00 0.000E+00
0.000E+00 6.061E-02
3.333E-01 2.000E+00
2.842E-01 3.868E-01
5.000E-01 9.677E-02
4.194E-01 0.000E+00
3.673E-01 6.713E-01
1.575E+00 7.435E-03
1.207E-02 2.019E-02
1.515E-02 1.406E-01
2.553E-03 2.835E-03
0.000E+00 4.144E-03
0.000E+00 1.648E-02
1.111E-01 2.826E-02
0.000E+00 0.000E+00
0.000E+00 3.922E-02
0.000E+00 1.235E-02
0.000E+00 4.647E-02
3.774E-02 1.364E-01
2.975E-02 5.567E-02
2.685E-01 1.786E-02
1.200E-01 1.111E-01
1.892E-01 2.329E-01
5.246E-01 0.000E+00
0.000E+00 9.709E-03
1.389E-02 1.429E-01
5.682E-02 1.128E-01
2.424E-01 5.405E-02
2.778E-02 5.556E-01
8.929E-02 2.667E-01
5.379E-01 0.000E+00
0.000E+00 5.882E-02
0.000E+00 6.667E-01
0.000E+00 0.000E+00
0.000E+00 1.111E-01
4.000E-01 9.231E-01
1.154E-01 3.125E-01
9.728E-01 1.502E-02
8.163E-03 2.052E-02
0.000E+00 7.317E-02
7.338E-03 7.637E-03
3.704E-02 8.658E-03
0.000E+00 1.875E-02
1.522E-01 2.174E-02
9.756E-02 2.143E-02
0.000E+00 7.907E-02
2.703E-01 3.008E-02
1.000E-01 3.685E-02
1.731E-01 4.000E-01
6.221E-02 1.556E-01
0.000E+00 6.250E-02
1.200E-01 0.000E+00
2.500E-01 2.500E-01
6.061E-01 0.000E+00
0.000E+00 5.161E-02
2.295E-01 0.000E+00
1.082E-01 2.219E-01
7.778E-01 6.667E-02
1.667E-01 0.000E+00
2.222E-01 4.772E-01
1.165E+00 0.000E+00
0.000E+00 6.061E-02
3.333E-01 2.000E+00
2.842E-01 3.868E-01
5.000E-01 9.677E-02
4.194E-01 0.000E+00
3.673E-01 6.713E-01
1.575E+00 7.435E-03
1.207E-02 2.019E-02
1.515E-02 1.406E-01
2.553E-03 2.835E-03
0.000E+00 4.144E-03
0.000E+00 1.648E-02
1.111E-01 2.826E-02
0.000E+00 0.000E+00
0.000E+00 3.922E-02
0.000E+00 1.235E-02
0.000E+00 4.647E-02
3.774E-02 1.364E-01
2.975E-02 5.567E-02
2.685E-01 1.786E-02
1.200E-01 1.111E-01
1.892E-01 2.329E-01
5.246E-01 0.000E+00
0.000E+00 9.709E-03
1.389E-02 1.429E-01
5.682E-02 1.128E-01
2.424E-01 5.405E-02
2.778E-02 5.556E-01
8.929E-02 2.667E-01
5.379E-01 0.000E+00
0.000E+00 5.882E-02
0.000E+00 6.667E-01
0.000E+00 0.000E+00
0.000E+00 1.111E-01
4.000E-01 9.231E-01
1.154E-01 3.125E-01
9.728E-01 1.502E-02
8.163E-03 2.052E-02
0.000E+00 7.317E-02
7.338E-03 7.637E-03
3.704E-02 8.658E-03
0.000E+00 1.875E-02
1.522E-01 2.174E-02
9.756E-02 2.143E-02
0.000E+00 7.907E-02
2.703E-01 3.008E-02
1.000E-01 3.685E-02
1.731E-01 4.000E-01
6.221E-02 1.556E-01
0.000E+00 6.250E-02
1.200E-01 0.000E+00
2.500E-01 2.500E-01
6.061E-01 0.000E+00
0.000E+00 5.161E-02
2.295E-01 0.000E+00
1.082E-01 2.219E-01
7.778E-01 6.667E-02
1.667E-01 0.000E+00
2.222E-01 4.772E-01
1.165E+00 0.000E+00
0.000E+00 6.061E-02
3.333E-01 2.000E+00
2.842E-01 3.868E-01
5.000E-01 9.677E-02
4.194E-01 0.000E+00
3.673E-01 6.713E-01
1.575E+00 7.435E-03
1.207E-02 2.019E-02
1.515E-02 1.406E-01
2.553E-03 2.835E-03
0.000E+00 4.144E-03
0.000E+00 1.648E-02
1.111E-01 2.826E-02
0.000E+00 0.000E+00
0.000E+00 3.922E-02
0.000E+00 1.235E-02
0.000E+00 4.647E-02
3.774E-02 1.364E-01
2.975E-02 5.567E-02
2.685E-01 1.786E-02
1.200E-01 1.111E-01
1.892E-01 2.329E-01
5.246E-01 0.000E+00
0.000E+00 9.709E-03
1.389E-02 1.429E-01
5.682E-02 1.128E-01
2.424E-01 5.405E-02
2.778E-02 5.556E-01
8.929E-02 2.667E-01
5.379E-01 0.000E+00
0.000E+00 5.882E-02
0.000E+00 6.667E-01
0.000E+00 0.000E+00
0.000E+00 1.111E-01
4.000E-01 9.231E-01
1.154E-01 3.125E-01
9.728E-01 1.502E-02
8.163E-03 2.052E-02
0.000E+00 7.317E-02
