1.924E-03 7.987E-03
1.429E-01 7.067E-03
9.091E-02 1.481E-02
0.000E+00 3.596E-02
0.000E+00 0.000E+00
3.333E-01 4.651E-02
1.250E-01 3.659E-02
0.000E+00 4.323E-02
6.250E-02 0.000E+00
7.509E-02 1.735E-01
0.000E+00 0.000E+00
3.077E-01 0.000E+00
2.000E-01 2.891E-01
6.071E-01 0.000E+00
0.000E+00 1.231E-01
1.250E-01 0.000E+00
1.478E-01 2.037E-01
1.000E+00 1.579E-01
1.538E-01 0.000E+00
2.642E-01 6.763E-01
2.182E+00 0.000E+00
0.000E+00 3.750E-01
7.500E-01 0.000E+00
1.304E-01 7.143E-01
4.000E+00 3.333E-01
2.000E-01 0.000E+00
8.333E-01 7.397E-01
2.698E+00 0.000E+00
9.186E-03 2.051E-02
4.274E-02 9.677E-02
2.553E-03 2.835E-03
0.000E+00 4.144E-03
0.000E+00 1.648E-02
1.111E-01 2.826E-02
0.000E+00 0.000E+00
0.000E+00 3.922E-02
0.000E+00 1.235E-02
0.000E+00 4.647E-02
3.774E-02 1.364E-01
2.975E-02 5.567E-02
2.685E-01 1.786E-02
1.200E-01 1.111E-01
1.892E-01 2.329E-01
5.246E-01 0.000E+00
0.000E+00 9.709E-03
1.389E-02 1.429E-01
5.682E-02 1.128E-01
2.424E-01 5.405E-02
2.778E-02 5.556E-01
8.929E-02 2.667E-01
5.379E-01 0.000E+00
0.000E+00 5.882E-02
0.000E+00 6.667E-01
0.000E+00 0.000E+00
0.000E+00 1.111E-01
4.000E-01 9.231E-01
1.154E-01 3.125E-01
9.728E-01 1.502E-02
8.163E-03 2.052E-02
0.000E+00 7.317E-02
1.924E-03 7.987E-03
1.429E-01 7.067E-03
9.091E-02 1.481E-02
0.000E+00 3.596E-02
0.000E+00 0.000E+00
3.333E-01 4.651E-02
1.250E-01 3.659E-02
0.000E+00 4.323E-02
6.250E-02 0.000E+00
7.509E-02 1.735E-01
0.000E+00 0.000E+00
3.077E-01 0.000E+00
2.000E-01 2.891E-01
6.071E-01 0.000E+00
0.000E+00 1.231E-01
1.250E-01 0.000E+00
1.478E-01 2.037E-01
1.000E+00 1.579E-01
1.538E-01 0.000E+00
2.642E-01 6.763E-01
2.182E+00 0.000E+00
0.000E+00 3.750E-01
7.500E-01 0.000E+00
1.304E-01 7.143E-01
4.000E+00 3.333E-01
2.000E-01 0.000E+00
8.333E-01 7.397E-01
2.698E+00 0.000E+00
9.186E-03 2.051E-02
4.274E-02 9.677E-02
2.553E-03 2.835E-03
0.000E+00 4.144E-03
0.000E+00 1.648E-02
1.111E-01 2.826E-02
0.000E+00 0.000E+00
0.000E+00 3.922E-02
0.000E+00 1.235E-02
0.000E+00 4.647E-02
3.774E-02 1.364E-01
2.975E-02 5.567E-02
2.685E-01 1.786E-02
1.200E-01 1.111E-01
1.892E-01 2.329E-01
5.246E-01 0.000E+00
0.000E+00 9.709E-03
1.389E-02 1.429E-01
5.682E-02 1.128E-01
2.424E-01 5.405E-02
2.778E-02 5.556E-01
8.929E-02 2.667E-01
5.379E-01 0.000E+00
0.000E+00 5.882E-02
0.000E+00 6.667E-01
0.000E+00 0.000E+00
0.000E+00 1.111E-01
4.000E-01 9.231E-01
1.154E-01 3.125E-01
9.728E-01 1.502E-02
8.163E-03 2.052E-02
0.000E+00 7.317E-02
1.924E-03 7.987E-03
1.429E-01 7.067E-03
9.091E-02 1.481E-02
0.000E+00 3.596E-02
0.000E+00 0.000E+00
3.333E-01 4.651E-02
1.250E-01 3.659E-02
0.000E+00 4.323E-02
6.250E-02 0.000E+00
7.509E-02 1.735E-01
0.000E+00 0.000E+00
3.077E-01 0.000E+00
2.000E-01 2.891E-01
6.071E-01 0.000E+00
0.000E+00 1.231E-01
1.250E-01 0.000E+00
1.478E-01 2.037E-01
1.000E+00 1.579E-01
1.538E-01 0.000E+00
2.642E-01 6.763E-01
2.182E+00 0.000E+00
0.000E+00 3.750E-01
7.500E-01 0.000E+00
1.304E-01 7.143E-01
4.000E+00 3.333E-01
2.000E-01 0.000E+00
8.333E-01 7.397E-01
2.698E+00 0.000E+00
9.186E-03 2.051E-02
4.274E-02 9.677E-02
2.553E-03 2.835E-03
0.000E+00 4.144E-03
0.000E+00 1.648E-02
1.111E-01 2.826E-02
0.000E+00 0.000E+00
0.000E+00 3.922E-02
0.000E+00 1.235E-02
0.000E+00 4.647E-02
3.774E-02 1.364E-01
2.975E-02 5.567E-02
2.685E-01 1.786E-02
1.200E-01 1.111E-01
1.892E-01 2.329E-01
5.246E-01 0.000E+00
0.000E+00 9.709E-03
1.389E-02 1.429E-01
5.682E-02 1.128E-01
2.424E-01 5.405E-02
2.778E-02 5.556E-01
8.929E-02 2.667E-01
5.379E-01 0.000E+00
0.000E+00 5.882E-02
0.000E+00 6.667E-01
0.000E+00 0.000E+00
0.000E+00 1.111E-01
4.000E-01 9.231E-01
1.154E-01 3.125E-01
9.728E-01 1.502E-02
8.163E-03 2.052E-02
0.000E+00 7.317E-02
1.924E-03 7.987E-03
1.429E-01 7.067E-03
9.091E-02 1.481E-02
0.000E+00 3.596E-02
0.000E+00 0.000E+00
3.333E-01 4.651E-02
1.250E-01 3.659E-02
0.000E+00 4.323E-02
6.250E-02 0.000E+00
7.509E-02 1.735E-01
0.000E+00 0.000E+00
3.077E-01 0.000E+00
2.000E-01 2.891E-01
6.071E-01 0.000E+00
0.000E+00 1.231E-01
1.250E-01 0.000E+00
1.478E-01 2.037E-01
1.000E+00 1.579E-01
1.538E-01 0.000E+00
2.642E-01 6.763E-01
2.182E+00 0.000E+00
0.000E+00 3.750E-01
7.500E-01 0.000E+00
1.304E-01 7.143E-01
4.000E+00 3.333E-01
2.000E-01 0.000E+00
8.333E-01 7.397E-01
2.698E+00 0.000E+00
9.186E-03 2.051E-02
4.274E-02 9.677E-02
2.553E-03 2.835E-03
0.000E+00 4.144E-03
0.000E+00 1.648E-02
1.111E-01 2.826E-02
0.000E+00 0.000E+00
0.000E+00 3.922E-02
0.000E+00 1.235E-02
0.000E+00 4.647E-02
3.774E-02 1.364E-01
2.975E-02 5.567E-02
2.685E-01 1.786E-02
1.200E-01 1.111E-01
1.892E-01 2.329E-01
5.246E-01 0.000E+00
0.000E+00 9.709E-03
1.389E-02 1.429E-01
5.682E-02 1.128E-01
2.424E-01 5.405E-02
2.778E-02 5.556E-01
8.929E-02 2.667E-01
5.379E-01 0.000E+00
0.000E+00 5.882E-02
0.000E+00 6.667E-01
0.000E+00 0.000E+00
0.000E+00 1.111E-01
4.000E-01 9.231E-01
1.154E-01 3.125E-01
9.728E-01 1.502E-02
8.163E-03 2.052E-02
0.000E+00 7.317E-02
1.924E-03 7.987E-03
1.429E-01 7.067E-03
9.091E-02 1.481E-02
0.000E+00 3.596E-02
0.000E+00 0.000E+00
3.333E-01 4.651E-02
1.250E-01 3.659E-02
0.000E+00 4.323E-02
6.250E-02 0.000E+00
7.509E-02 1.735E-01
0.000E+00 0.000E+00
3.077E-01 0.000E+00
2.000E-01 2.891E-01
6.071E-01 0.000E+00
0.000E+00 1.231E-01
1.250E-01 0.000E+00
1.478E-01 2.037E-01
1.000E+00 1.579E-01
1.538E-01 0.000E+00
2.642E-01 6.763E-01
2.182E+00 0.000E+00
0.000E+00 3.750E-01
7.500E-01 0.000E+00
1.304E-01 7.143E-01
4.000E+00 3.333E-01
2.000E-01 0.000E+00
8.333E-01 7.397E-01
2.698E+00 0.000E+00
9.186E-03 2.051E-02
4.274E-02 9.677E-02
2.553E-03 2.835E-03
0.000E+00 4.144E-03
0.000E+00 1.648E-02
1.111E-01 2.826E-02
0.000E+00 0.000E+00
0.000E+00 3.922E-02
0.000E+00 1.235E-02
0.000E+00 4.647E-02
3.774E-02 1.364E-01
2.975E-02 5.567E-02
2.685E-01 1.786E-02
1.200E-01 1.111E-01
1.892E-01 2.329E-01
5.246E-01 0.000E+00
0.000E+00 9.709E-03
1.389E-02 1.429E-01
5.682E-02 1.128E-01
2.424E-01 5.405E-02
2.778E-02 5.556E-01
8.929E-02 2.667E-01
5.379E-01 0.000E+00
0.000E+00 5.882E-02
0.000E+00 6.667E-01
0.000E+00 0.000E+00
0.000E+00 1.111E-01
4.000E-01 9.231E-01
1.154E-01 3.125E-01
9.728E-01 1.502E-02
8.163E-03 2.052E-02
0.000E+00 7.317E-02
1.924E-03 7.987E-03
1.429E-01 7.067E-03
9.091E-02 1.481E-02
0.000E+00 3.596E-02
0.000E+00 0.000E+00
3.333E-01 4.651E-02
1.250E-01 3.659E-02
0.000E+00 4.323E-02
6.250E-02 0.000E+00
7.509E-02 1.735E-01
0.000E+00 0.000E+00
3.077E-01 0.000E+00
2.000E-01 2.891E-01
6.071E-01 0.000E+00
0.000E+00 1.231E-01
1.250E-01 0.000E+00
1.478E-01 2.037E-01
1.000E+00 1.579E-01
1.538E-01 0.000E+00
2.642E-01 6.763E-01
2.182E+00 0.000E+00
0.000E+00 3.750E-01
7.500E-01 0.000E+00
1.304E-01 7.143E-01
4.000E+00 3.333E-01
2.000E-01 0.000E+00
8.333E-01 7.397E-01
2.698E+00 0.000E+00
9.186E-03 2.051E-02
4.274E-02 9.677E-02
2.553E-03 2.835E-03
0.000E+00 4.144E-03
0.000E+00 1.648E-02
1.111E-01 2.826E-02
0.000E+00 0.000E+00
0.000E+00 3.922E-02
0.000E+00 1.235E-02
0.000E+00 4.647E-02
3.774E-02 1.364E-01
2.975E-02 5.567E-02
2.685E-01 1.786E-02
1.200E-01 1.111E-01
1.892E-01 2.329E-01
5.246E-01 0.000E+00
0.000E+00 9.709E-03
1.389E-02 1.429E-01
5.682E-02 1.128E-01
2.424E-01 5.405E-02
2.778E-02 5.556E-01
8.929E-02 2.667E-01
5.379E-01 0.000E+00
0.000E+00 5.882E-02
0.000E+00 6.667E-01
0.000E+00 0.000E+00
0.000E+00 1.111E-01
4.000E-01 9.231E-01
1.154E-01 3.125E-01
9.728E-01 1.502E-02
8.163E-03 2.052E-02
0.000E+00 7.317E-02
1.924E-03 7.987E-03
1.429E-01 7.067E-03
9.091E-02 1.481E-02
0.000E+00 3.596E-02
0.000E+00 0.000E+00
3.333E-01 4.651E-02
1.250E-01 3.659E-02
0.000E+00 4.323E-02
6.250E-02 0.000E+00
7.509E-02 1.735E-01
0.000E+00 0.000E+00
3.077E-01 0.000E+00
2.000E-01 2.891E-01
6.071E-01 0.000E+00
0.000E+00 1.231E-01
1.250E-01 0.000E+00
1.478E-01 2.037E-01
1.000E+00 1.579E-01
1.538E-01 0.000E+00
2.642E-01 6.763E-01
2.182E+00 0.000E+00
0.000E+00 3.750E-01
7.500E-01 0.000E+00
1.304E-01 7.143E-01
4.000E+00 3.333E-01
2.000E-01 0.000E+00
8.333E-01 7.397E-01
2.698E+00 0.000E+00
9.186E-03 2.051E-02
4.274E-02 9.677E-02
2.553E-03 2.835E-03
0.000E+00 4.144E-03
0.000E+00 1.648E-02
1.111E-01 2.826E-02
0.000E+00 0.000E+00
0.000E+00 3.922E-02
0.000E+00 1.235E-02
0.000E+00 4.647E-02
3.774E-02 1.364E-01
2.975E-02 5.567E-02
2.685E-01 1.786E-02
1.200E-01 1.111E-01
1.892E-01 2.329E-01
5.246E-01 0.000E+00
0.000E+00 9.709E-03
1.389E-02 1.429E-01
5.682E-02 1.128E-01
2.424E-01 5.405E-02
2.778E-02 5.556E-01
8.929E-02 2.667E-01
5.379E-01 0.000E+00
0.000E+00 5.882E-02
0.000E+00 6.667E-01
0.000E+00 0.000E+00
0.000E+00 1.111E-01
4.000E-01 9.231E-01
1.154E-01 3.125E-01
9.728E-01 1.502E-02
8.163E-03 2.052E-02
0.000E+00 7.317E-02
1.924E-03 7.987E-03
1.429E-01 7.067E-03
9.091E-02 1.481E-02
0.000E+00 3.596E-02
0.000E+00 0.000E+00
3.333E-01 4.651E-02
1.250E-01 3.659E-02
0.000E+00 4.323E-02
6.250E-02 0.000E+00
7.509E-02 1.735E-01
0.000E+00 0.000E+00
3.077E-01 0.000E+00
2.000E-01 2.891E-01
6.071E-01 0.000E+00
0.000E+00 1.231E-01
1.250E-01 0.000E+00
1.478E-01 2.037E-01
1.000E+00 1.579E-01
1.538E-01 0.000E+00
2.642E-01 6.763E-01
2.182E+00 0.000E+00
0.000E+00 3.750E-01
7.500E-01 0.000E+00
1.304E-01 7.143E-01
4.000E+00 3.333E-01
2.000E-01 0.000E+00
8.333E-01 7.397E-01
2.698E+00 0.000E+00
9.186E-03 2.051E-02
4.274E-02 9.677E-02
2.553E-03 2.835E-03
0.000E+00 4.144E-03
0.000E+00 1.648E-02
1.111E-01 2.826E-02
0.000E+00 0.000E+00
0.000E+00 3.922E-02
0.000E+00 1.235E-02
0.000E+00 4.647E-02
3.774E-02 1.364E-01
2.975E-02 5.567E-02
2.685E-01 1.786E-02
1.200E-01 1.111E-01
1.892E-01 2.329E-01
5.246E-01 0.000E+00
0.000E+00 9.709E-03
1.389E-02 1.429E-01
5.682E-02 1.128E-01
2.424E-01 5.405E-02
2.778E-02 5.556E-01
8.929E-02 2.667E-01
5.379E-01 0.000E+00
0.000E+00 5.882E-02
0.000E+00 6.667E-01
0.000E+00 0.000E+00
0.000E+00 1.111E-01
4.000E-01 9.231E-01
1.154E-01 3.125E-01
9.728E-01 1.502E-02
8.163E-03 2.052E-02
0.000E+00 7.317E-02
1.924E-03 7.987E-03
1.429E-01 7.067E-03
9.091E-02 1.481E-02
0.000E+00 3.596E-02
0.000E+00 0.000E+00
3.333E-01 4.651E-02
1.250E-01 3.659E-02
0.000E+00 4.323E-02
6.250E-02 0.000E+00
7.509E-02 1.735E-01
0.000E+00 0.000E+00
3.077E-01 0.000E+00
2.000E-01 2.891E-01
6.071E-01 0.000E+00
0.000E+00 1.231E-01
1.250E-01 0.000E+00
1.478E-01 2.037E-01
1.000E+00 1.579E-01
1.538E-01 0.000E+00
2.642E-01 6.763E-01
2.182E+00 0.000E+00
0.000E+00 3.750E-01
7.500E-01 0.000E+00
1.304E-01 7.143E-01
4.000E+00 3.333E-01
2.000E-01 0.000E+00
8.333E-01 7.397E-01
2.698E+00 0.000E+00
9.186E-03 2.051E-02
4.274E-02 9.677E-02
2.553E-03 2.835E-03
0.000E+00 4.144E-03
0.000E+00 1.648E-02
1.111E-01 2.826E-02
0.000E+00 0.000E+00
0.000E+00 3.922E-02
0.000E+00 1.235E-02
0.000E+00 4.647E-02
3.774E-02 1.364E-01
2.975E-02 5.567E-02
2.685E-01 1.786E-02
1.200E-01 1.111E-01
1.892E-01 2.329E-01
5.246E-01 0.000E+00
0.000E+00 9.709E-03
1.389E-02 1.429E-01
5.682E-02 1.128E-01
2.424E-01 5.405E-02
2.778E-02 5.556E-01
8.929E-02 2.667E-01
5.379E-01 0.000E+00
0.000E+00 5.882E-02
0.000E+00 6.667E-01
0.000E+00 0.000E+00
0.000E+00 1.111E-01
4.000E-01 9.231E-01
1.154E-01 3.125E-01
9.728E-01 1.502E-02
8.163E-03 2.052E-02
0.000E+00 7.317E-02
1.924E-03 7.987E-03
1.429E-01 7.067E-03
9.091E-02 1.481E-02
0.000E+00 3.596E-02
0.000E+00 0.000E+00
3.333E-01 4.651E-02
1.250E-01 3.659E-02
0.000E+00 4.323E-02
6.250E-02 0.000E+00
7.509E-02 1.735E-01
0.000E+00 0.000E+00
3.077E-01 0.000E+00
2.000E-01 2.891E-01
6.071E-01 0.000E+00
0.000E+00 1.231E-01
1.250E-01 0.000E+00
1.478E-01 2.037E-01
1.000E+00 1.579E-01
1.538E-01 0.000E+00
2.642E-01 6.763E-01
2.182E+00 0.000E+00
0.000E+00 3.750E-01
7.500E-01 0.000E+00
1.304E-01 7.143E-01
4.000E+00 3.333E-01
2.000E-01 0.000E+00
8.333E-01 7.397E-01
2.698E+00 0.000E+00
9.186E-03 2.051E-02
4.274E-02 9.677E-02
2.553E-03 2.835E-03
0.000E+00 4.144E-03
0.000E+00 1.648E-02
1.111E-01 2.826E-02
0.000E+00 0.000E+00
0.000E+00 3.922E-02
0.000E+00 1.235E-02
0.000E+00 4.647E-02
3.774E-02 1.364E-01
2.975E-02 5.567E-02
2.685E-01 1.786E-02
1.200E-01 1.111E-01
1.892E-01 2.329E-01
5.246E-01 0.000E+00
0.000E+00 9.709E-03
1.389E-02 1.429E-01
5.682E-02 1.128E-01
2.424E-01 5.405E-02
2.778E-02 5.556E-01
8.929E-02 2.667E-01
5.379E-01 0.000E+00
0.000E+00 5.882E-02
0.000E+00 6.667E-01
0.000E+00 0.000E+00
0.000E+00 1.111E-01
4.000E-01 9.231E-01
1.154E-01 3.125E-01
9.728E-01 1.502E-02
8.163E-03 2.052E-02
0.000E+00 7.317E-02
1.924E-03 7.987E-03
1.429E-01 7.067E-03
9.091E-02 1.481E-02
0.000E+00 3.596E-02
0.000E+00 0.000E+00
3.333E-01 4.651E-02
1.250E-01 3.659E-02
0.000E+00 4.323E-02
6.250E-02 0.000E+00
7.509E-02 1.735E-01
0.000E+00 0.000E+00
3.077E-01 0.000E+00
2.000E-01 2.891E-01
6.071E-01 0.000E+00
0.000E+00 1.231E-01
1.250E-01 0.000E+00
1.478E-01 2.037E-01
1.000E+00 1.579E-01
1.538E-01 0.000E+00
2.642E-01 6.763E-01
2.182E+00 0.000E+00
0.000E+00 3.750E-01
7.500E-01 0.000E+00
1.304E-01 7.143E-01
4.000E+00 3.333E-01
2.000E-01 0.000E+00
8.333E-01 7.397E-01
2.698E+00 0.000E+00
9.186E-03 2.051E-02
4.274E-02 9.677E-02
2.553E-03 2.835E-03
0.000E+00 4.144E-03
0.000E+00 1.648E-02
1.111E-01 2.826E-02
0.000E+00 0.000E+00
0.000E+00 3.922E-02
0.000E+00 1.235E-02
0.000E+00 4.647E-02
3.774E-02 1.364E-01
2.975E-02 5.567E-02
2.685E-01 1.786E-02
1.200E-01 1.111E-01
1.892E-01 2.329E-01
5.246E-01 0.000E+00
0.000E+00 9.709E-03
1.389E-02 1.429E-01
5.682E-02 1.128E-01
2.424E-01 5.405E-02
2.778E-02 5.556E-01
8.929E-02 2.667E-01
5.379E-01 0.000E+00
0.000E+00 5.882E-02
0.000E+00 6.667E-01
0.000E+00 0.000E+00
0.000E+00 1.111E-01
4.000E-01 9.231E-01
1.154E-01 3.125E-01
9.728E-01 1.502E-02
8.163E-03 2.052E-02
0.000E+00 7.317E-02
1.924E-03 7.987E-03
1.429E-01 7.067E-03
9.091E-02 1.481E-02
0.000E+00 3.596E-02
0.000E+00 0.000E+00
3.333E-01 4.651E-02
1.250E-01 3.659E-02
0.000E+00 4.323E-02
6.250E-02 0.000E+00
7.509E-02 1.735E-01
0.000E+00 0.000E+00
3.077E-01 0.000E+00
2.000E-01 2.891E-01
6.071E-01 0.000E+00
0.000E+00 1.231E-01
1.250E-01 0.000E+00
1.478E-01 2.037E-01
1.000E+00 1.579E-01
1.538E-01 0.000E+00
2.642E-01 6.763E-01
2.182E+00 0.000E+00
0.000E+00 3.750E-01
7.500E-01 0.000E+00
1.304E-01 7.143E-01
4.000E+00 3.333E-01
2.000E-01 0.000E+00
8.333E-01 7.397E-01
2.698E+00 0.000E+00
9.186E-03 2.051E-02
4.274E-02 9.677E-02
2.553E-03 2.835E-03
0.000E+00 4.144E-03
0.000E+00 1.648E-02
1.111E-01 2.826E-02
0.000E+00 0.000E+00
0.000E+00 3.922E-02
0.000E+00 1.235E-02
0.000E+00 4.647E-02
3.774E-02 1.364E-01
2.975E-02 5.567E-02
2.685E-01 1.786E-02
1.200E-01 1.111E-01
1.892E-01 2.329E-01
5.246E-01 0.000E+00
0.000E+00 9.709E-03
1.389E-02 1.429E-01
5.682E-02 1.128E-01
2.424E-01 5.405E-02
2.778E-02 5.556E-01
8.929E-02 2.667E-01
5.379E-01 0.000E+00
0.000E+00 5.882E-02
0.000E+00 6.667E-01
0.000E+00 0.000E+00
0.000E+00 1.111E-01
4.000E-01 9.231E-01
1.154E-01 3.125E-01
9.728E-01 1.502E-02
8.163E-03 2.052E-02
0.000E+00 7.317E-02
1.924E-03 7.987E-03
1.429E-01 7.067E-03
9.091E-02 1.481E-02
0.000E+00 3.596E-02
0.000E+00 0.000E+00
3.333E-01 4.651E-02
1.250E-01 3.659E-02
0.000E+00 4.323E-02
6.250E-02 0.000E+00
7.509E-02 1.735E-01
0.000E+00 0.000E+00
3.077E-01 0.000E+00
2.000E-01 2.891E-01
6.071E-01 0.000E+00
0.000E+00 1.231E-01
1.250E-01 0.000E+00
1.478E-01 2.037E-01
1.000E+00 1.579E-01
1.538E-01 0.000E+00
2.642E-01 6.763E-01
2.182E+00 0.000E+00
0.000E+00 3.750E-01
7.500E-01 0.000E+00
1.304E-01 7.143E-01
4.000E+00 3.333E-01
2.000E-01 0.000E+00
8.333E-01 7.397E-01
2.698E+00 0.000E+00
9.186E-03 2.051E-02
4.274E-02 9.677E-02
2.553E-03 2.835E-03
0.000E+00 4.144E-03
0.000E+00 1.648E-02
1.111E-01 2.826E-02
0.000E+00 0.000E+00
0.000E+00 3.922E-02
0.000E+00 1.235E-02
0.000E+00 4.647E-02
3.774E-02 1.364E-01
2.975E-02 5.567E-02
2.685E-01 1.786E-02
1.200E-01 1.111E-01
1.892E-01 2.329E-01
5.246E-01 0.000E+00
0.000E+00 9.709E-03
1.389E-02 1.429E-01
5.682E-02 1.128E-01
2.424E-01 5.405E-02
2.778E-02 5.556E-01
8.929E-02 2.667E-01
5.379E-01 0.000E+00
0.000E+00 5.882E-02
0.000E+00 6.667E-01
0.000E+00 0.000E+00
0.000E+00 1.111E-01
4.000E-01 9.231E-01
1.154E-01 3.125E-01
9.728E-01 1.502E-02
8.163E-03 2.052E-02
0.000E+00 7.317E-02
1.924E-03 7.987E-03
1.429E-01 7.067E-03
9.091E-02 1.481E-02
0.000E+00 3.596E-02
0.000E+00 0.000E+00
3.333E-01 4.651E-02
1.250E-01 3.659E-02
0.000E+00 4.323E-02
6.250E-02 0.000E+00
7.509E-02 1.735E-01
0.000E+00 0.000E+00
3.077E-01 0.000E+00
2.000E-01 2.891E-01
6.071E-01 0.000E+00
0.000E+00 1.231E-01
1.250E-01 0.000E+00
1.478E-01 2.037E-01
1.000E+00 1.579E-01
1.538E-01 0.000E+00
2.642E-01 6.763E-01
2.182E+00 0.000E+00
0.000E+00 3.750E-01
7.500E-01 0.000E+00
1.304E-01 7.143E-01
4.000E+00 3.333E-01
2.000E-01 0.000E+00
8.333E-01 7.397E-01
2.698E+00 0.000E+00
9.186E-03 2.051E-02
4.274E-02 9.677E-02
2.553E-03 2.835E-03
0.000E+00 4.144E-03
0.000E+00 1.648E-02
1.111E-01 2.826E-02
0.000E+00 0.000E+00
0.000E+00 3.922E-02
0.000E+00 1.235E-02
0.000E+00 4.647E-02
3.774E-02 1.364E-01
2.975E-02 5.567E-02
2.685E-01 1.786E-02
1.200E-01 1.111E-01
1.892E-01 2.329E-01
5.246E-01 0.000E+00
0.000E+00 9.709E-03
1.389E-02 1.429E-01
5.682E-02 1.128E-01
2.424E-01 5.405E-02
2.778E-02 5.556E-01
8.929E-02 2.667E-01
5.379E-01 0.000E+00
0.000E+00 5.882E-02
0.000E+00 6.667E-01
0.000E+00 0.000E+00
0.000E+00 1.111E-01
4.000E-01 9.231E-01
1.154E-01 3.125E-01
9.728E-01 1.502E-02
8.163E-03 2.052E-02
0.000E+00 7.317E-02
1.924E-03 7.987E-03
1.429E-01 7.067E-03
9.091E-02 1.481E-02
0.000E+00 3.596E-02
0.000E+00 0.000E+00
3.333E-01 4.651E-02
1.250E-01 3.659E-02
0.000E+00 4.323E-02
6.250E-02 0.000E+00
7.509E-02 1.735E-01
0.000E+00 0.000E+00
3.077E-01 0.000E+00
2.000E-01 2.891E-01
6.071E-01 0.000E+00
0.000E+00 1.231E-01
1.250E-01 0.000E+00
1.478E-01 2.037E-01
1.000E+00 1.579E-01
1.538E-01 0.000E+00
2.642E-01 6.763E-01
2.182E+00 0.000E+00
0.000E+00 3.750E-01
7.500E-01 0.000E+00
1.304E-01 7.143E-01
4.000E+00 3.333E-01
2.000E-01 0.000E+00
8.333E-01 7.397E-01
2.698E+00 0.000E+00
9.186E-03 2.051E-02
4.274E-02 9.677E-02
2.553E-03 2.835E-03
0.000E+00 4.144E-03
0.000E+00 1.648E-02
1.111E-01 2.826E-02
0.000E+00 0.000E+00
0.000E+00 3.922E-02
0.000E+00 1.235E-02
0.000E+00 4.647E-02
3.774E-02 1.364E-01
2.975E-02 5.567E-02
2.685E-01 1.786E-02
1.200E-01 1.111E-01
1.892E-01 2.329E-01
5.246E-01 0.000E+00
0.000E+00 9.709E-03
1.389E-02 1.429E-01
5.682E-02 1.128E-01
2.424E-01 5.405E-02
2.778E-02 5.556E-01
8.929E-02 2.667E-01
5.379E-01 0.000E+00
0.000E+00 5.882E-02
0.000E+00 6.667E-01
0.000E+00 0.000E+00
0.000E+00 1.111E-01
4.000E-01 9.231E-01
1.154E-01 3.125E-01
9.728E-01 1.502E-02
8.163E-03 2.052E-02
0.000E+00 7.317E-02
1.924E-03 7.987E-03
1.429E-01 7.067E-03
9.091E-02 1.481E-02
0.000E+00 3.596E-02
0.000E+00 0.000E+00
3.333E-01 4.651E-02
1.250E-01 3.659E-02
0.000E+00 4.323E-02
6.250E-02 0.000E+00
7.509E-02 1.735E-01
0.000E+00 0.000E+00
3.077E-01 0.000E+00
2.000E-01 2.891E-01
6.071E-01 0.000E+00
0.000E+00 1.231E-01
1.250E-01 0.000E+00
1.478E-01 2.037E-01
1.000E+00 1.579E-01
1.538E-01 0.000E+00
2.642E-01 6.763E-01
2.182E+00 0.000E+00
0.000E+00 3.750E-01
7.500E-01 0.000E+00
1.304E-01 7.143E-01
4.000E+00 3.333E-01
2.000E-01 0.000E+00
8.333E-01 7.397E-01
2.698E+00 0.000E+00
9.186E-03 2.051E-02
4.274E-02 9.677E-02
2.553E-03 2.835E-03
0.000E+00 4.144E-03
0.000E+00 1.648E-02
1.111E-01 2.826E-02
0.000E+00 0.000E+00
0.000E+00 3.922E-02
0.000E+00 1.235E-02
0.000E+00 4.647E-02
3.774E-02 1.364E-01
2.975E-02 5.567E-02
2.685E-01 1.786E-02
1.200E-01 1.111E-01
1.892E-01 2.329E-01
5.246E-01 0.000E+00
0.000E+00 9.709E-03
1.389E-02 1.429E-01
5.682E-02 1.128E-01
2.424E-01 5.405E-02
2.778E-02 5.556E-01
8.929E-02 2.667E-01
5.379E-01 0.000E+00
0.000E+00 5.882E-02
0.000E+00 6.667E-01
0.000E+00 0.000E+00
0.000E+00 1.111E-01
4.000E-01 9.231E-01
1.154E-01 3.125E-01
9.728E-01 1.502E-02
8.163E-03 2.052E-02
0.000E+00 7.317E-02
1.924E-03 7.987E-03
1.429E-01 7.067E-03
9.091E-02 1.481E-02
0.000E+00 3.596E-02
0.000E+00 0.000E+00
3.333E-01 4.651E-02
1.250E-01 3.659E-02
0.000E+00 4.323E-02
6.250E-02 0.000E+00
7.509E-02 1.735E-01
0.000E+00 0.000E+00
3.077E-01 0.000E+00
2.000E-01 2.891E-01
6.071E-01 0.000E+00
0.000E+00 1.231E-01
1.250E-01 0.000E+00
1.478E-01 2.037E-01
1.000E+00 1.579E-01
1.538E-01 0.000E+00
2.642E-01 6.763E-01
2.182E+00 0.000E+00
0.000E+00 3.750E-01
7.500E-01 0.000E+00
1.304E-01 7.143E-01
4.000E+00 3.333E-01
2.000E-01 0.000E+00
8.333E-01 7.397E-01
2.698E+00 0.000E+00
9.186E-03 2.051E-02
4.274E-02 9.677E-02
2.553E-03 2.835E-03
0.000E+00 4.144E-03
0.000E+00 1.648E-02
1.111E-01 2.826E-02
0.000E+00 0.000E+00
0.000E+00 3.922E-02
0.000E+00 1.235E-02
0.000E+00 4.647E-02
3.774E-02 1.364E-01
2.975E-02 5.567E-02
2.685E-01 1.786E-02
1.200E-01 1.111E-01
1.892E-01 2.329E-01
5.246E-01 0.000E+00
0.000E+00 9.709E-03
1.389E-02 1.429E-01
5.682E-02 1.128E-01
2.424E-01 5.405E-02
2.778E-02 5.556E-01
8.929E-02 2.667E-01
5.379E-01 0.000E+00
0.000E+00 5.882E-02
0.000E+00 6.667E-01
0.000E+00 0.000E+00
0.000E+00 1.111E-01
4.000E-01 9.231E-01
1.154E-01 3.125E-01
9.728E-01 1.502E-02
8.163E-03 2.052E-02
0.000E+00 7.317E-02
1.924E-03 7.987E-03
1.429E-01 7.067E-03
9.091E-02 1.481E-02
0.000E+00 3.596E-02
0.000E+00 0.000E+00
3.333E-01 4.651E-02
1.250E-01 3.659E-02
0.000E+00 4.323E-02
6.250E-02 0.000E+00
7.509E-02 1.735E-01
0.000E+00 0.000E+00
3.077E-01 0.000E+00
2.000E-01 2.891E-01
6.071E-01 0.000E+00
0.000E+00 1.231E-01
1.250E-01 0.000E+00
1.478E-01 2.037E-01
1.000E+00 1.579E-01
1.538E-01 0.000E+00
2.642E-01 6.763E-01
2.182E+00 0.000E+00
0.000E+00 3.750E-01
7.500E-01 0.000E+00
1.304E-01 7.143E-01
4.000E+00 3.333E-01
2.000E-01 0.000E+00
8.333E-01 7.397E-01
2.698E+00 0.000E+00
9.186E-03 2.051E-02
4.274E-02 9.677E-02
2.553E-03 2.835E-03
0.000E+00 4.144E-03
0.000E+00 1.648E-02
1.111E-01 2.826E-02
0.000E+00 0.000E+00
0.000E+00 3.922E-02
0.000E+00 1.235E-02
0.000E+00 4.647E-02
3.774E-02 1.364E-01
2.975E-02 5.567E-02
2.685E-01 1.786E-02
1.200E-01 1.111E-01
1.892E-01 2.329E-01
5.246E-01 0.000E+00
0.000E+00 9.709E-03
1.389E-02 1.429E-01
5.682E-02 1.128E-01
2.424E-01 5.405E-02
2.778E-02 5.556E-01
8.929E-02 2.667E-01
5.379E-01 0.000E+00
0.000E+00 5.882E-02
0.000E+00 6.667E-01
0.000E+00 0.000E+00
0.000E+00 1.111E-01
4.000E-01 9.231E-01
1.154E-01 3.125E-01
9.728E-01 1.502E-02
8.163E-03 2.052E-02
0.000E+00 7.317E-02
1.924E-03 7.987E-03
1.429E-01 7.067E-03
9.091E-02 1.481E-02
0.000E+00 3.596E-02
0.000E+00 0.000E+00
3.333E-01 4.651E-02
1.250E-01 3.659E-02
0.000E+00 4.323E-02
6.250E-02 0.000E+00
7.509E-02 1.735E-01
0.000E+00 0.000E+00
3.077E-01 0.000E+00
2.000E-01 2.891E-01
6.071E-01 0.000E+00
0.000E+00 1.231E-01
1.250E-01 0.000E+00
1.478E-01 2.037E-01
1.000E+00 1.579E-01
1.538E-01 0.000E+00
2.642E-01 6.763E-01
2.182E+00 0.000E+00
0.000E+00 3.750E-01
7.500E-01 0.000E+00
1.304E-01 7.143E-01
4.000E+00 3.333E-01
2.000E-01 0.000E+00
8.333E-01 7.397E-01
2.698E+00 0.000E+00
9.186E-03 2.051E-02
4.274E-02 9.677E-02
2.553E-03 2.835E-03
0.000E+00 4.144E-03
0.000E+00 1.648E-02
1.111E-01 2.826E-02
0.000E+00 0.000E+00
0.000E+00 3.922E-02
0.000E+00 1.235E-02
0.000E+00 4.647E-02
3.774E-02 1.364E-01
2.975E-02 5.567E-02
2.685E-01 1.786E-02
1.200E-01 1.111E-01
1.892E-01 2.329E-01
5.246E-01 0.000E+00
0.000E+00 9.709E-03
1.389E-02 1.429E-01
5.682E-02 1.128E-01
2.424E-01 5.405E-02
2.778E-02 5.556E-01
8.929E-02 2.667E-01
5.379E-01 0.000E+00
0.000E+00 5.882E-02
0.000E+00 6.667E-01
0.000E+00 0.000E+00
0.000E+00 1.111E-01
4.000E-01 9.231E-01
1.154E-01 3.125E-01
9.728E-01 1.502E-02
8.163E-03 2.052E-02
0.000E+00 7.317E-02
1.924E-03 7.987E-03
1.429E-01 7.067E-03
9.091E-02 1.481E-02
0.000E+00 3.596E-02
0.000E+00 0.000E+00
3.333E-01 4.651E-02
1.250E-01 3.659E-02
0.000E+00 4.323E-02
6.250E-02 0.000E+00
7.509E-02 1.735E-01
0.000E+00 0.000E+00
3.077E-01 0.000E+00
2.000E-01 2.891E-01
6.071E-01 0.000E+00
0.000E+00 1.231E-01
1.250E-01 0.000E+00
1.478E-01 2.037E-01
1.000E+00 1.579E-01
1.538E-01 0.000E+00
2.642E-01 6.763E-01
2.182E+00 0.000E+00
0.000E+00 3.750E-01
7.500E-01 0.000E+00
1.304E-01 7.143E-01
4.000E+00 3.333E-01
2.000E-01 0.000E+00
8.333E-01 7.397E-01
2.698E+00 0.000E+00
9.186E-03 2.051E-02
4.274E-02 9.677E-02
2.553E-03 2.835E-03
0.000E+00 4.144E-03
0.000E+00 1.648E-02
1.111E-01 2.826E-02
0.000E+00 0.000E+00
0.000E+00 3.922E-02
0.000E+00 1.235E-02
0.000E+00 4.647E-02
3.774E-02 1.364E-01
2.975E-02 5.567E-02
2.685E-01 1.786E-02
1.200E-01 1.111E-01
1.892E-01 2.329E-01
5.246E-01 0.000E+00
0.000E+00 9.709E-03
1.389E-02 1.429E-01
5.682E-02 1.128E-01
2.424E-01 5.405E-02
2.778E-02 5.556E-01
8.929E-02 2.667E-01
5.379E-01 0.000E+00
0.000E+00 5.882E-02
0.000E+00 6.667E-01
0.000E+00 0.000E+00
0.000E+00 1.111E-01
4.000E-01 9.231E-01
1.154E-01 3.125E-01
9.728E-01 1.502E-02
8.163E-03 2.052E-02
0.000E+00 7.317E-02
1.924E-03 7.987E-03
1.429E-01 7.067E-03
9.091E-02 1.481E-02
0.000E+00 3.596E-02
0.000E+00 0.000E+00
3.333E-01 4.651E-02
1.250E-01 3.659E-02
0.000E+00 4.323E-02
6.250E-02 0.000E+00
7.509E-02 1.735E-01
0.000E+00 0.000E+00
3.077E-01 0.000E+00
2.000E-01 2.891E-01
6.071E-01 0.000E+00
0.000E+00 1.231E-01
1.250E-01 0.000E+00
1.478E-01 2.037E-01
1.000E+00 1.579E-01
1.538E-01 0.000E+00
2.642E-01 6.763E-01
2.182E+00 0.000E+00
0.000E+00 3.750E-01
7.500E-01 0.000E+00
1.304E-01 7.143E-01
4.000E+00 3.333E-01
2.000E-01 0.000E+00
8.333E-01 7.397E-01
2.698E+00 0.000E+00
9.186E-03 2.051E-02
4.274E-02 9.677E-02
2.553E-03 2.835E-03
0.000E+00 4.144E-03
0.000E+00 1.648E-02
1.111E-01 2.826E-02
0.000E+00 0.000E+00
0.000E+00 3.922E-02
0.000E+00 1.235E-02
0.000E+00 4.647E-02
3.774E-02 1.364E-01
2.975E-02 5.567E-02
2.685E-01 1.786E-02
1.200E-01 1.111E-01
1.892E-01 2.329E-01
5.246E-01 0.000E+00
0.000E+00 9.709E-03
1.389E-02 1.429E-01
5.682E-02 1.128E-01
2.424E-01 5.405E-02
2.778E-02 5.556E-01
8.929E-02 2.667E-01
5.379E-01 0.000E+00
0.000E+00 5.882E-02
0.000E+00 6.667E-01
0.000E+00 0.000E+00
0.000E+00 1.111E-01
4.000E-01 9.231E-01
1.154E-01 3.125E-01
9.728E-01 1.502E-02
8.163E-03 2.052E-02
0.000E+00 7.317E-02
1.924E-03 7.987E-03
1.429E-01 7.067E-03
9.091E-02 1.481E-02
0.000E+00 3.596E-02
0.000E+00 0.000E+00
3.333E-01 4.651E-02
1.250E-01 3.659E-02
0.000E+00 4.323E-02
6.250E-02 0.000E+00
7.509E-02 1.735E-01
0.000E+00 0.000E+00
3.077E-01 0.000E+00
2.000E-01 2.891E-01
6.071E-01 0.000E+00
0.000E+00 1.231E-01
1.250E-01 0.000E+00
1.478E-01 2.037E-01
1.000E+00 1.579E-01
1.538E-01 0.000E+00
2.642E-01 6.763E-01
2.182E+00 0.000E+00
0.000E+00 3.750E-01
7.500E-01 0.000E+00
1.304E-01 7.143E-01
4.000E+00 3.333E-01
2.000E-01 0.000E+00
8.333E-01 7.397E-01
2.698E+00 0.000E+00
9.186E-03 2.051E-02
4.274E-02 9.677E-02
2.553E-03 2.835E-03
0.000E+00 4.144E-03
0.000E+00 1.648E-02
1.111E-01 2.826E-02
0.000E+00 0.000E+00
0.000E+00 3.922E-02
0.000E+00 1.235E-02
0.000E+00 4.647E-02
3.774E-02 1.364E-01
2.975E-02 5.567E-02
2.685E-01 1.786E-02
1.200E-01 1.111E-01
1.892E-01 2.329E-01
5.246E-01 0.000E+00
0.000E+00 9.709E-03
1.389E-02 1.429E-01
5.682E-02 1.128E-01
2.424E-01 5.405E-02
2.778E-02 5.556E-01
8.929E-02 2.667E-01
5.379E-01 0.000E+00
0.000E+00 5.882E-02
0.000E+00 6.667E-01
0.000E+00 0.000E+00
0.000E+00 1.111E-01
4.000E-01 9.231E-01
1.154E-01 3.125E-01
9.728E-01 1.502E-02
8.163E-03 2.052E-02
0.000E+00 7.317E-02
1.924E-03 7.987E-03
1.429E-01 7.067E-03
9.091E-02 1.481E-02
0.000E+00 3.596E-02
0.000E+00 0.000E+00
3.333E-01 4.651E-02
1.250E-01 3.659E-02
0.000E+00 4.323E-02
6.250E-02 0.000E+00
7.509E-02 1.735E-01
0.000E+00 0.000E+00
3.077E-01 0.000E+00
2.000E-01 2.891E-01
6.071E-01 0.000E+00
0.000E+00 1.231E-01
1.250E-01 0.000E+00
1.478E-01 2.037E-01
1.000E+00 1.579E-01
1.538E-01 0.000E+00
2.642E-01 6.763E-01
2.182E+00 0.000E+00
0.000E+00 3.750E-01
7.500E-01 0.000E+00
1.304E-01 7.143E-01
4.000E+00 3.333E-01
2.000E-01 0.000E+00
8.333E-01 7.397E-01
2.698E+00 0.000E+00
9.186E-03 2.051E-02
4.274E-02 9.677E-02
2.553E-03 2.835E-03
0.000E+00 4.144E-03
0.000E+00 1.648E-02
1.111E-01 2.826E-02
0.000E+00 0.000E+00
0.000E+00 3.922E-02
0.000E+00 1.235E-02
0.000E+00 4.647E-02
3.774E-02 1.364E-01
2.975E-02 5.567E-02
2.685E-01 1.786E-02
1.200E-01 1.111E-01
1.892E-01 2.329E-01
5.246E-01 0.000E+00
0.000E+00 9.709E-03
1.389E-02 1.429E-01
5.682E-02 1.128E-01
2.424E-01 5.405E-02
2.778E-02 5.556E-01
8.929E-02 2.667E-01
5.379E-01 0.000E+00
0.000E+00 5.882E-02
0.000E+00 6.667E-01
0.000E+00 0.000E+00
0.000E+00 1.111E-01
4.000E-01 9.231E-01
1.154E-01 3.125E-01
9.728E-01 1.502E-02
8.163E-03 2.052E-02
0.000E+00 7.317E-02
1.924E-03 7.987E-03
1.429E-01 7.067E-03
9.091E-02 1.481E-02
0.000E+00 3.596E-02
0.000E+00 0.000E+00
3.333E-01 4.651E-02
1.250E-01 3.659E-02
0.000E+00 4.323E-02
6.250E-02 0.000E+00
7.509E-02 1.735E-01
0.000E+00 0.000E+00
3.077E-01 0.000E+00
2.000E-01 2.891E-01
6.071E-01 0.000E+00
0.000E+00 1.231E-01
1.250E-01 0.000E+00
1.478E-01 2.037E-01
1.000E+00 1.579E-01
1.538E-01 0.000E+00
2.642E-01 6.763E-01
2.182E+00 0.000E+00
0.000E+00 3.750E-01
7.500E-01 0.000E+00
1.304E-01 7.143E-01
4.000E+00 3.333E-01
2.000E-01 0.000E+00
8.333E-01 7.397E-01
2.698E+00 0.000E+00
9.186E-03 2.051E-02
4.274E-02 9.677E-02
2.553E-03 2.835E-03
0.000E+00 4.144E-03
0.000E+00 1.648E-02
1.111E-01 2.826E-02
0.000E+00 0.000E+00
0.000E+00 3.922E-02
0.000E+00 1.235E-02
0.000E+00 4.647E-02
3.774E-02 1.364E-01
2.975E-02 5.567E-02
2.685E-01 1.786E-02
1.200E-01 1.111E-01
1.892E-01 2.329E-01
5.246E-01 0.000E+00
0.000E+00 9.709E-03
1.389E-02 1.429E-01
5.682E-02 1.128E-01
2.424E-01 5.405E-02
2.778E-02 5.556E-01
8.929E-02 2.667E-01
5.379E-01 0.000E+00
0.000E+00 5.882E-02
0.000E+00 6.667E-01
0.000E+00 0.000E+00
0.000E+00 1.111E-01
4.000E-01 9.231E-01
1.154E-01 3.125E-01
9.728E-01 1.502E-02
8.163E-03 2.052E-02
0.000E+00 7.317E-02
1.924E-03 7.987E-03
1.429E-01 7.067E-03
9.091E-02 1.481E-02
0.000E+00 3.596E-02
0.000E+00 0.000E+00
3.333E-01 4.651E-02
1.250E-01 3.659E-02
0.000E+00 4.323E-02
6.250E-02 0.000E+00
7.509E-02 1.735E-01
0.000E+00 0.000E+00
3.077E-01 0.000E+00
2.000E-01 2.891E-01
6.071E-01 0.000E+00
0.000E+00 1.231E-01
1.250E-01 0.000E+00
1.478E-01 2.037E-01
1.000E+00 1.579E-01
1.538E-01 0.000E+00
2.642E-01 6.763E-01
2.182E+00 0.000E+00
0.000E+00 3.750E-01
7.500E-01 0.000E+00
1.304E-01 7.143E-01
4.000E+00 3.333E-01
2.000E-01 0.000E+00
8.333E-01 7.397E-01
2.698E+00 0.000E+00
9.186E-03 2.051E-02
4.274E-02 9.677E-02
2.553E-03 2.835E-03
0.000E+00 4.144E-03
0.000E+00 1.648E-02
1.111E-01 2.826E-02
0.000E+00 0.000E+00
0.000E+00 3.922E-02
0.000E+00 1.235E-02
0.000E+00 4.647E-02
3.774E-02 1.364E-01
2.975E-02 5.567E-02
2.685E-01 1.786E-02
1.200E-01 1.111E-01
1.892E-01 2.329E-01
5.246E-01 0.000E+00
0.000E+00 9.709E-03
1.389E-02 1.429E-01
5.682E-02 1.128E-01
2.424E-01 5.405E-02
2.778E-02 5.556E-01
8.929E-02 2.667E-01
5.379E-01 0.000E+00
0.000E+00 5.882E-02
0.000E+00 6.667E-01
0.000E+00 0.000E+00
0.000E+00 1.111E-01
4.000E-01 9.231E-01
1.154E-01 3.125E-01
9.728E-01 1.502E-02
8.163E-03 2.052E-02
0.000E+00 7.317E-02
1.924E-03 7.987E-03
1.429E-01 7.067E-03
9.091E-02 1.481E-02
0.000E+00 3.596E-02
0.000E+00 0.000E+00
3.333E-01 4.651E-02
1.250E-01 3.659E-02
0.000E+00 4.323E-02
6.250E-02 0.000E+00
7.509E-02 1.735E-01
0.000E+00 0.000E+00
3.077E-01 0.000E+00
2.000E-01 2.891E-01
6.071E-01 0.000E+00
0.000E+00 1.231E-01
1.250E-01 0.000E+00
1.478E-01 2.037E-01
1.000E+00 1.579E-01
1.538E-01 0.000E+00
2.642E-01 6.763E-01
2.182E+00 0.000E+00
0.000E+00 3.750E-01
7.500E-01 0.000E+00
1.304E-01 7.143E-01
4.000E+00 3.333E-01
2.000E-01 0.000E+00
8.333E-01 7.397E-01
2.698E+00 0.000E+00
9.186E-03 2.051E-02
4.274E-02 9.677E-02
2.553E-03 2.835E-03
0.000E+00 4.144E-03
0.000E+00 1.648E-02
1.111E-01 2.826E-02
0.000E+00 0.000E+00
0.000E+00 3.922E-02
0.000E+00 1.235E-02
0.000E+00 4.647E-02
3.774E-02 1.364E-01
2.975E-02 5.567E-02
2.685E-01 1.786E-02
1.200E-01 1.111E-01
1.892E-01 2.329E-01
5.246E-01 0.000E+00
0.000E+00 9.709E-03
1.389E-02 1.429E-01
5.682E-02 1.128E-01
2.424E-01 5.405E-02
2.778E-02 5.556E-01
8.929E-02 2.667E-01
5.379E-01 0.000E+00
0.000E+00 5.882E-02
0.000E+00 6.667E-01
0.000E+00 0.000E+00
0.000E+00 1.111E-01
4.000E-01 9.231E-01
1.154E-01 3.125E-01
9.728E-01 1.502E-02
8.163E-03 2.052E-02
0.000E+00 7.317E-02
1.924E-03 7.987E-03
1.429E-01 7.067E-03
9.091E-02 1.481E-02
0.000E+00 3.596E-02
0.000E+00 0.000E+00
3.333E-01 4.651E-02
1.250E-01 3.659E-02
0.000E+00 4.323E-02
6.250E-02 0.000E+00
7.509E-02 1.735E-01
0.000E+00 0.000E+00
3.077E-01 0.000E+00
2.000E-01 2.891E-01
6.071E-01 0.000E+00
0.000E+00 1.231E-01
1.250E-01 0.000E+00
1.478E-01 2.037E-01
1.000E+00 1.579E-01
1.538E-01 0.000E+00
2.642E-01 6.763E-01
2.182E+00 0.000E+00
0.000E+00 3.750E-01
7.500E-01 0.000E+00
1.304E-01 7.143E-01
4.000E+00 3.333E-01
2.000E-01 0.000E+00
8.333E-01 7.397E-01
2.698E+00 0.000E+00
9.186E-03 2.051E-02
4.274E-02 9.677E-02
2.553E-03 2.835E-03
0.000E+00 4.144E-03
0.000E+00 1.648E-02
1.111E-01 2.826E-02
0.000E+00 0.000E+00
0.000E+00 3.922E-02
0.000E+00 1.235E-02
0.000E+00 4.647E-02
3.774E-02 1.364E-01
2.975E-02 5.567E-02
2.685E-01 1.786E-02
1.200E-01 1.111E-01
1.892E-01 2.329E-01
5.246E-01 0.000E+00
0.000E+00 9.709E-03
1.389E-02 1.429E-01
5.682E-02 1.128E-01
2.424E-01 5.405E-02
2.778E-02 5.556E-01
8.929E-02 2.667E-01
5.379E-01 0.000E+00
0.000E+00 5.882E-02
0.000E+00 6.667E-01
0.000E+00 0.000E+00
0.000E+00 1.111E-01
4.000E-01 9.231E-01
1.154E-01 3.125E-01
9.728E-01 1.502E-02
8.163E-03 2.052E-02
0.000E+00 7.317E-02
1.924E-03 7.987E-03
1.429E-01 7.067E-03
9.091E-02 1.481E-02
0.000E+00 3.596E-02
0.000E+00 0.000E+00
3.333E-01 4.651E-02
1.250E-01 3.659E-02
0.000E+00 4.323E-02
6.250E-02 0.000E+00
7.509E-02 1.735E-01
0.000E+00 0.000E+00
3.077E-01 0.000E+00
2.000E-01 2.891E-01
6.071E-01 0.000E+00
0.000E+00 1.231E-01
1.250E-01 0.000E+00
1.478E-01 2.037E-01
1.000E+00 1.579E-01
1.538E-01 0.000E+00
2.642E-01 6.763E-01
2.182E+00 0.000E+00
0.000E+00 3.750E-01
7.500E-01 0.000E+00
1.304E-01 7.143E-01
4.000E+00 3.333E-01
2.000E-01 0.000E+00
8.333E-01 7.397E-01
2.698E+00 0.000E+00
9.186E-03 2.051E-02
4.274E-02 9.677E-02
2.553E-03 2.835E-03
0.000E+00 4.144E-03
0.000E+00 1.648E-02
1.111E-01 2.826E-02
0.000E+00 0.000E+00
0.000E+00 3.922E-02
0.000E+00 1.235E-02
0.000E+00 4.647E-02
3.774E-02 1.364E-01
2.975E-02 5.567E-02
2.685E-01 1.786E-02
1.200E-01 1.111E-01
1.892E-01 2.329E-01
5.246E-01 0.000E+00
0.000E+00 9.709E-03
1.389E-02 1.429E-01
5.682E-02 1.128E-01
2.424E-01 5.405E-02
2.778E-02 5.556E-01
8.929E-02 2.667E-01
5.379E-01 0.000E+00
0.000E+00 5.882E-02
0.000E+00 6.667E-01
0.000E+00 0.000E+00
0.000E+00 1.111E-01
4.000E-01 9.231E-01
1.154E-01 3.125E-01
9.728E-01 1.502E-02
8.163E-03 2.052E-02
0.000E+00 7.317E-02
1.924E-03 7.987E-03
1.429E-01 7.067E-03
9.091E-02 1.481E-02
0.000E+00 3.596E-02
0.000E+00 0.000E+00
3.333E-01 4.651E-02
1.250E-01 3.659E-02
0.000E+00 4.323E-02
6.250E-02 0.000E+00
7.509E-02 1.735E-01
0.000E+00 0.000E+00
3.077E-01 0.000E+00
2.000E-01 2.891E-01
6.071E-01 0.000E+00
0.000E+00 1.231E-01
1.250E-01 0.000E+00
1.478E-01 2.037E-01
1.000E+00 1.579E-01
1.538E-01 0.000E+00
2.642E-01 6.763E-01
2.182E+00 0.000E+00
0.000E+00 3.750E-01
7.500E-01 0.000E+00
1.304E-01 7.143E-01
4.000E+00 3.333E-01
2.000E-01 0.000E+00
8.333E-01 7.397E-01
2.698E+00 0.000E+00
9.186E-03 2.051E-02
4.274E-02 9.677E-02
2.553E-03 2.835E-03
0.000E+00 4.144E-03
0.000E+00 1.648E-02
1.111E-01 2.826E-02
0.000E+00 0.000E+00
0.000E+00 3.922E-02
0.000E+00 1.235E-02
0.000E+00 4.647E-02
3.774E-02 1.364E-01
2.975E-02 5.567E-02
2.685E-01 1.786E-02
1.200E-01 1.111E-01
1.892E-01 2.329E-01
5.246E-01 0.000E+00
0.000E+00 9.709E-03
1.389E-02 1.429E-01
5.682E-02 1.128E-01
2.424E-01 5.405E-02
2.778E-02 5.556E-01
8.929E-02 2.667E-01
5.379E-01 0.000E+00
0.000E+00 5.882E-02
0.000E+00 6.667E-01
0.000E+00 0.000E+00
0.000E+00 1.111E-01
4.000E-01 9.231E-01
1.154E-01 3.125E-01
9.728E-01 1.502E-02
8.163E-03 2.052E-02
0.000E+00 7.317E-02
1.924E-03 7.987E-03
1.429E-01 7.067E-03
9.091E-02 1.481E-02
0.000E+00 3.596E-02
0.000E+00 0.000E+00
3.333E-01 4.651E-02
1.250E-01 3.659E-02
0.000E+00 4.323E-02
6.250E-02 0.000E+00
7.509E-02 1.735E-01
0.000E+00 0.000E+00
3.077E-01 0.000E+00
2.000E-01 2.891E-01
6.071E-01 0.000E+00
0.000E+00 1.231E-01
1.250E-01 0.000E+00
1.478E-01 2.037E-01
1.000E+00 1.579E-01
1.538E-01 0.000E+00
2.642E-01 6.763E-01
2.182E+00 0.000E+00
0.000E+00 3.750E-01
7.500E-01 0.000E+00
1.304E-01 7.143E-01
4.000E+00 3.333E-01
2.000E-01 0.000E+00
8.333E-01 7.397E-01
2.698E+00 0.000E+00
9.186E-03 2.051E-02
4.274E-02 9.677E-02
2.553E-03 2.835E-03
0.000E+00 4.144E-03
0.000E+00 1.648E-02
1.111E-01 2.826E-02
0.000E+00 0.000E+00
0.000E+00 3.922E-02
0.000E+00 1.235E-02
0.000E+00 4.647E-02
3.774E-02 1.364E-01
2.975E-02 5.567E-02
2.685E-01 1.786E-02
1.200E-01 1.111E-01
1.892E-01 2.329E-01
5.246E-01 0.000E+00
0.000E+00 9.709E-03
1.389E-02 1.429E-01
5.682E-02 1.128E-01
2.424E-01 5.405E-02
2.778E-02 5.556E-01
8.929E-02 2.667E-01
5.379E-01 0.000E+00
0.000E+00 5.882E-02
0.000E+00 6.667E-01
0.000E+00 0.000E+00
0.000E+00 1.111E-01
4.000E-01 9.231E-01
1.154E-01 3.125E-01
9.728E-01 1.502E-02
8.163E-03 2.052E-02
0.000E+00 7.317E-02
1.924E-03 7.987E-03
1.429E-01 7.067E-03
9.091E-02 1.481E-02
0.000E+00 3.596E-02
0.000E+00 0.000E+00
3.333E-01 4.651E-02
1.250E-01 3.659E-02
0.000E+00 4.323E-02
6.250E-02 0.000E+00
7.509E-02 1.735E-01
0.000E+00 0.000E+00
3.077E-01 0.000E+00
2.000E-01 2.891E-01
6.071E-01 0.000E+00
0.000E+00 1.231E-01
1.250E-01 0.000E+00
1.478E-01 2.037E-01
1.000E+00 1.579E-01
1.538E-01 0.000E+00
2.642E-01 6.763E-01
2.182E+00 0.000E+00
0.000E+00 3.750E-01
7.500E-01 0.000E+00
1.304E-01 7.143E-01
4.000E+00 3.333E-01
2.000E-01 0.000E+00
8.333E-01 7.397E-01
2.698E+00 0.000E+00
9.186E-03 2.051E-02
4.274E-02 9.677E-02
2.553E-03 2.835E-03
0.000E+00 4.144E-03
0.000E+00 1.648E-02
1.111E-01 2.826E-02
0.000E+00 0.000E+00
0.000E+00 3.922E-02
0.000E+00 1.235E-02
0.000E+00 4.647E-02
3.774E-02 1.364E-01
2.975E-02 5.567E-02
2.685E-01 1.786E-02
1.200E-01 1.111E-01
1.892E-01 2.329E-01
5.246E-01 0.000E+00
0.000E+00 9.709E-03
1.389E-02 1.429E-01
5.682E-02 1.128E-01
2.424E-01 5.405E-02
2.778E-02 5.556E-01
8.929E-02 2.667E-01
5.379E-01 0.000E+00
0.000E+00 5.882E-02
0.000E+00 6.667E-01
0.000E+00 0.000E+00
0.000E+00 1.111E-01
4.000E-01 9.231E-01
1.154E-01 3.125E-01
9.728E-01 1.502E-02
8.163E-03 2.052E-02
0.000E+00 7.317E-02
1.924E-03 7.987E-03
1.429E-01 7.067E-03
9.091E-02 1.481E-02
0.000E+00 3.596E-02
0.000E+00 0.000E+00
3.333E-01 4.651E-02
1.250E-01 3.659E-02
0.000E+00 4.323E-02
6.250E-02 0.000E+00
7.509E-02 1.735E-01
0.000E+00 0.000E+00
3.077E-01 0.000E+00
2.000E-01 2.891E-01
6.071E-01 0.000E+00
0.000E+00 1.231E-01
1.250E-01 0.000E+00
1.478E-01 2.037E-01
1.000E+00 1.579E-01
1.538E-01 0.000E+00
2.642E-01 6.763E-01
2.182E+00 0.000E+00
0.000E+00 3.750E-01
7.500E-01 0.000E+00
1.304E-01 7.143E-01
4.000E+00 3.333E-01
2.000E-01 0.000E+00
8.333E-01 7.397E-01
2.698E+00 0.000E+00
9.186E-03 2.051E-02
4.274E-02 9.677E-02
2.553E-03 2.835E-03
0.000E+00 4.144E-03
0.000E+00 1.648E-02
1.111E-01 2.826E-02
0.000E+00 0.000E+00
0.000E+00 3.922E-02
0.000E+00 1.235E-02
0.000E+00 4.647E-02
3.774E-02 1.364E-01
2.975E-02 5.567E-02
2.685E-01 1.786E-02
1.200E-01 1.111E-01
1.892E-01 2.329E-01
5.246E-01 0.000E+00
0.000E+00 9.709E-03
1.389E-02 1.429E-01
5.682E-02 1.128E-01
2.424E-01 5.405E-02
2.778E-02 5.556E-01
8.929E-02 2.667E-01
5.379E-01 0.000E+00
0.000E+00 5.882E-02
0.000E+00 6.667E-01
0.000E+00 0.000E+00
0.000E+00 1.111E-01
4.000E-01 9.231E-01
1.154E-01 3.125E-01
9.728E-01 1.502E-02
8.163E-03 2.052E-02
0.000E+00 7.317E-02
1.924E-03 7.987E-03
1.429E-01 7.067E-03
9.091E-02 1.481E-02
0.000E+00 3.596E-02
0.000E+00 0.000E+00
3.333E-01 4.651E-02
1.250E-01 3.659E-02
0.000E+00 4.323E-02
6.250E-02 0.000E+00
7.509E-02 1.735E-01
0.000E+00 0.000E+00
3.077E-01 0.000E+00
2.000E-01 2.891E-01
6.071E-01 0.000E+00
0.000E+00 1.231E-01
1.250E-01 0.000E+00
1.478E-01 2.037E-01
1.000E+00 1.579E-01
1.538E-01 0.000E+00
2.642E-01 6.763E-01
2.182E+00 0.000E+00
0.000E+00 3.750E-01
7.500E-01 0.000E+00
1.304E-01 7.143E-01
4.000E+00 3.333E-01
2.000E-01 0.000E+00
8.333E-01 7.397E-01
2.698E+00 0.000E+00
9.186E-03 2.051E-02
4.274E-02 9.677E-02
2.553E-03 2.835E-03
0.000E+00 4.144E-03
0.000E+00 1.648E-02
1.111E-01 2.826E-02
0.000E+00 0.000E+00
0.000E+00 3.922E-02
0.000E+00 1.235E-02
0.000E+00 4.647E-02
3.774E-02 1.364E-01
2.975E-02 5.567E-02
2.685E-01 1.786E-02
1.200E-01 1.111E-01
1.892E-01 2.329E-01
5.246E-01 0.000E+00
0.000E+00 9.709E-03
1.389E-02 1.429E-01
5.682E-02 1.128E-01
2.424E-01 5.405E-02
2.778E-02 5.556E-01
8.929E-02 2.667E-01
5.379E-01 0.000E+00
0.000E+00 5.882E-02
0.000E+00 6.667E-01
0.000E+00 0.000E+00
0.000E+00 1.111E-01
4.000E-01 9.231E-01
1.154E-01 3.125E-01
9.728E-01 1.502E-02
8.163E-03 2.052E-02
0.000E+00 7.317E-02
1.924E-03 7.987E-03
1.429E-01 7.067E-03
9.091E-02 1.481E-02
0.000E+00 3.596E-02
0.000E+00 0.000E+00
3.333E-01 4.651E-02
1.250E-01 3.659E-02
0.000E+00 4.323E-02
6.250E-02 0.000E+00
7.509E-02 1.735E-01
0.000E+00 0.000E+00
3.077E-01 0.000E+00
2.000E-01 2.891E-01
6.071E-01 0.000E+00
0.000E+00 1.231E-01
1.250E-01 0.000E+00
1.478E-01 2.037E-01
1.000E+00 1.579E-01
1.538E-01 0.000E+00
2.642E-01 6.763E-01
2.182E+00 0.000E+00
0.000E+00 3.750E-01
7.500E-01 0.000E+00
1.304E-01 7.143E-01
4.000E+00 3.333E-01
2.000E-01 0.000E+00
8.333E-01 7.397E-01
2.698E+00 0.000E+00
9.186E-03 2.051E-02
4.274E-02 9.677E-02
2.553E-03 2.835E-03
0.000E+00 4.144E-03
0.000E+00 1.648E-02
1.111E-01 2.826E-02
0.000E+00 0.000E+00
0.000E+00 3.922E-02
0.000E+00 1.235E-02
0.000E+00 4.647E-02
3.774E-02 1.364E-01
2.975E-02 5.567E-02
2.685E-01 1.786E-02
1.200E-01 1.111E-01
1.892E-01 2.329E-01
5.246E-01 0.000E+00
0.000E+00 9.709E-03
1.389E-02 1.429E-01
5.682E-02 1.128E-01
2.424E-01 5.405E-02
2.778E-02 5.556E-01
8.929E-02 2.667E-01
5.379E-01 0.000E+00
0.000E+00 5.882E-02
0.000E+00 6.667E-01
0.000E+00 0.000E+00
0.000E+00 1.111E-01
4.000E-01 9.231E-01
1.154E-01 3.125E-01
9.728E-01 1.502E-02
8.163E-03 2.052E-02
0.000E+00 7.317E-02
