7.338E-03 7.637E-03
3.704E-02 8.658E-03
0.000E+00 1.875E-02
1.522E-01 2.174E-02
9.756E-02 2.143E-02
0.000E+00 7.907E-02
2.703E-01 3.008E-02
1.000E-01 3.685E-02
1.731E-01 4.000E-01
6.221E-02 1.556E-01
0.000E+00 6.250E-02
1.200E-01 0.000E+00
2.500E-01 2.500E-01
6.061E-01 0.000E+00
0.000E+00 5.161E-02
2.295E-01 0.000E+00
1.082E-01 2.219E-01
7.778E-01 6.667E-02
1.667E-01 0.000E+00
2.222E-01 4.772E-01
1.165E+00 0.000E+00
0.000E+00 6.061E-02
3.333E-01 2.000E+00
2.842E-01 3.868E-01
5.000E-01 9.677E-02
4.194E-01 0.000E+00
3.673E-01 6.713E-01
1.575E+00 7.435E-03
1.207E-02 2.019E-02
1.515E-02 1.406E-01
1.879E-03 1.575E-03
0.000E+00 1.420E-02
0.000E+00 7.749E-03
0.000E+00 1.483E-02
1.304E-01 2.667E-02
3.333E-01 7.463E-02
1.429E-01 0.000E+00
1.667E-01 2.550E-02
4.651E-02 0.000E+00
4.632E-02 9.172E-02
2.985E-01 4.082E-02
2.222E-01 1.000E+00
1.452E-01 2.000E-01
4.898E-01 3.333E-01
0.000E+00 1.575E-02
8.065E-02 0.000E+00
9.450E-02 1.502E-01
1.806E-01 3.704E-02
3.077E-01 0.000E+00
1.429E-01 2.336E-01
5.217E-01 0.000E+00
0.000E+00 1.020E-01
1.111E-01 0.000E+00
2.041E-01 2.042E-01
2.581E-01 1.176E-01
3.000E-01 1.000E+00
1.449E-01 4.262E-01
9.083E-01 0.000E+00
5.236E-03 1.796E-02
1.087E-02 8.333E-02
7.338E-03 7.637E-03
3.704E-02 8.658E-03
0.000E+00 1.875E-02
1.522E-01 2.174E-02
9.756E-02 2.143E-02
0.000E+00 7.907E-02
2.703E-01 3.008E-02
1.000E-01 3.685E-02
1.731E-01 4.000E-01
6.221E-02 1.556E-01
0.000E+00 6.250E-02
1.200E-01 0.000E+00
2.500E-01 2.500E-01
6.061E-01 0.000E+00
0.000E+00 5.161E-02
2.295E-01 0.000E+00
1.082E-01 2.219E-01
7.778E-01 6.667E-02
1.667E-01 0.000E+00
2.222E-01 4.772E-01
1.165E+00 0.000E+00
0.000E+00 6.061E-02
3.333E-01 2.000E+00
2.842E-01 3.868E-01
5.000E-01 9.677E-02
4.194E-01 0.000E+00
3.673E-01 6.713E-01
1.575E+00 7.435E-03
1.207E-02 2.019E-02
1.515E-02 1.406E-01
1.879E-03 1.575E-03
0.000E+00 1.420E-02
0.000E+00 7.749E-03
0.000E+00 1.483E-02
1.304E-01 2.667E-02
3.333E-01 7.463E-02
1.429E-01 0.000E+00
1.667E-01 2.550E-02
4.651E-02 0.000E+00
4.632E-02 9.172E-02
2.985E-01 4.082E-02
2.222E-01 1.000E+00
1.452E-01 2.000E-01
4.898E-01 3.333E-01
0.000E+00 1.575E-02
8.065E-02 0.000E+00
9.450E-02 1.502E-01
1.806E-01 3.704E-02
3.077E-01 0.000E+00
1.429E-01 2.336E-01
5.217E-01 0.000E+00
0.000E+00 1.020E-01
1.111E-01 0.000E+00
2.041E-01 2.042E-01
2.581E-01 1.176E-01
3.000E-01 1.000E+00
1.449E-01 4.262E-01
9.083E-01 0.000E+00
5.236E-03 1.796E-02
1.087E-02 8.333E-02
7.338E-03 7.637E-03
3.704E-02 8.658E-03
0.000E+00 1.875E-02
1.522E-01 2.174E-02
9.756E-02 2.143E-02
0.000E+00 7.907E-02
2.703E-01 3.008E-02
1.000E-01 3.685E-02
1.731E-01 4.000E-01
6.221E-02 1.556E-01
0.000E+00 6.250E-02
1.200E-01 0.000E+00
2.500E-01 2.500E-01
6.061E-01 0.000E+00
0.000E+00 5.161E-02
2.295E-01 0.000E+00
1.082E-01 2.219E-01
7.778E-01 6.667E-02
1.667E-01 0.000E+00
2.222E-01 4.772E-01
1.165E+00 0.000E+00
0.000E+00 6.061E-02
3.333E-01 2.000E+00
2.842E-01 3.868E-01
5.000E-01 9.677E-02
4.194E-01 0.000E+00
3.673E-01 6.713E-01
1.575E+00 7.435E-03
1.207E-02 2.019E-02
1.515E-02 1.406E-01
1.879E-03 1.575E-03
0.000E+00 1.420E-02
0.000E+00 7.749E-03
0.000E+00 1.483E-02
1.304E-01 2.667E-02
3.333E-01 7.463E-02
1.429E-01 0.000E+00
1.667E-01 2.550E-02
4.651E-02 0.000E+00
4.632E-02 9.172E-02
2.985E-01 4.082E-02
2.222E-01 1.000E+00
1.452E-01 2.000E-01
4.898E-01 3.333E-01
0.000E+00 1.575E-02
8.065E-02 0.000E+00
9.450E-02 1.502E-01
1.806E-01 3.704E-02
3.077E-01 0.000E+00
1.429E-01 2.336E-01
5.217E-01 0.000E+00
0.000E+00 1.020E-01
1.111E-01 0.000E+00
2.041E-01 2.042E-01
2.581E-01 1.176E-01
3.000E-01 1.000E+00
1.449E-01 4.262E-01
9.083E-01 0.000E+00
5.236E-03 1.796E-02
1.087E-02 8.333E-02
7.338E-03 7.637E-03
3.704E-02 8.658E-03
0.000E+00 1.875E-02
1.522E-01 2.174E-02
9.756E-02 2.143E-02
0.000E+00 7.907E-02
2.703E-01 3.008E-02
1.000E-01 3.685E-02
1.731E-01 4.000E-01
6.221E-02 1.556E-01
0.000E+00 6.250E-02
1.200E-01 0.000E+00
2.500E-01 2.500E-01
6.061E-01 0.000E+00
0.000E+00 5.161E-02
2.295E-01 0.000E+00
1.082E-01 2.219E-01
7.778E-01 6.667E-02
1.667E-01 0.000E+00
2.222E-01 4.772E-01
1.165E+00 0.000E+00
0.000E+00 6.061E-02
3.333E-01 2.000E+00
2.842E-01 3.868E-01
5.000E-01 9.677E-02
4.194E-01 0.000E+00
3.673E-01 6.713E-01
1.575E+00 7.435E-03
1.207E-02 2.019E-02
1.515E-02 1.406E-01
1.879E-03 1.575E-03
0.000E+00 1.420E-02
0.000E+00 7.749E-03
0.000E+00 1.483E-02
1.304E-01 2.667E-02
3.333E-01 7.463E-02
1.429E-01 0.000E+00
1.667E-01 2.550E-02
4.651E-02 0.000E+00
4.632E-02 9.172E-02
2.985E-01 4.082E-02
2.222E-01 1.000E+00
1.452E-01 2.000E-01
4.898E-01 3.333E-01
0.000E+00 1.575E-02
8.065E-02 0.000E+00
9.450E-02 1.502E-01
1.806E-01 3.704E-02
3.077E-01 0.000E+00
1.429E-01 2.336E-01
5.217E-01 0.000E+00
0.000E+00 1.020E-01
1.111E-01 0.000E+00
2.041E-01 2.042E-01
2.581E-01 1.176E-01
3.000E-01 1.000E+00
1.449E-01 4.262E-01
9.083E-01 0.000E+00
5.236E-03 1.796E-02
1.087E-02 8.333E-02
7.338E-03 7.637E-03
3.704E-02 8.658E-03
0.000E+00 1.875E-02
1.522E-01 2.174E-02
9.756E-02 2.143E-02
0.000E+00 7.907E-02
2.703E-01 3.008E-02
1.000E-01 3.685E-02
1.731E-01 4.000E-01
6.221E-02 1.556E-01
0.000E+00 6.250E-02
1.200E-01 0.000E+00
2.500E-01 2.500E-01
6.061E-01 0.000E+00
0.000E+00 5.161E-02
2.295E-01 0.000E+00
1.082E-01 2.219E-01
7.778E-01 6.667E-02
1.667E-01 0.000E+00
2.222E-01 4.772E-01
1.165E+00 0.000E+00
0.000E+00 6.061E-02
3.333E-01 2.000E+00
2.842E-01 3.868E-01
5.000E-01 9.677E-02
4.194E-01 0.000E+00
3.673E-01 6.713E-01
1.575E+00 7.435E-03
1.207E-02 2.019E-02
1.515E-02 1.406E-01
1.879E-03 1.575E-03
0.000E+00 1.420E-02
0.000E+00 7.749E-03
0.000E+00 1.483E-02
1.304E-01 2.667E-02
3.333E-01 7.463E-02
1.429E-01 0.000E+00
1.667E-01 2.550E-02
4.651E-02 0.000E+00
4.632E-02 9.172E-02
2.985E-01 4.082E-02
2.222E-01 1.000E+00
1.452E-01 2.000E-01
4.898E-01 3.333E-01
0.000E+00 1.575E-02
8.065E-02 0.000E+00
9.450E-02 1.502E-01
1.806E-01 3.704E-02
3.077E-01 0.000E+00
1.429E-01 2.336E-01
5.217E-01 0.000E+00
0.000E+00 1.020E-01
1.111E-01 0.000E+00
2.041E-01 2.042E-01
2.581E-01 1.176E-01
3.000E-01 1.000E+00
1.449E-01 4.262E-01
9.083E-01 0.000E+00
5.236E-03 1.796E-02
1.087E-02 8.333E-02
7.338E-03 7.637E-03
3.704E-02 8.658E-03
0.000E+00 1.875E-02
1.522E-01 2.174E-02
9.756E-02 2.143E-02
0.000E+00 7.907E-02
2.703E-01 3.008E-02
1.000E-01 3.685E-02
1.731E-01 4.000E-01
6.221E-02 1.556E-01
0.000E+00 6.250E-02
1.200E-01 0.000E+00
2.500E-01 2.500E-01
6.061E-01 0.000E+00
0.000E+00 5.161E-02
2.295E-01 0.000E+00
1.082E-01 2.219E-01
7.778E-01 6.667E-02
1.667E-01 0.000E+00
2.222E-01 4.772E-01
1.165E+00 0.000E+00
0.000E+00 6.061E-02
3.333E-01 2.000E+00
2.842E-01 3.868E-01
5.000E-01 9.677E-02
4.194E-01 0.000E+00
3.673E-01 6.713E-01
1.575E+00 7.435E-03
1.207E-02 2.019E-02
1.515E-02 1.406E-01
1.879E-03 1.575E-03
0.000E+00 1.420E-02
0.000E+00 7.749E-03
0.000E+00 1.483E-02
1.304E-01 2.667E-02
3.333E-01 7.463E-02
1.429E-01 0.000E+00
1.667E-01 2.550E-02
4.651E-02 0.000E+00
4.632E-02 9.172E-02
2.985E-01 4.082E-02
2.222E-01 1.000E+00
1.452E-01 2.000E-01
4.898E-01 3.333E-01
0.000E+00 1.575E-02
8.065E-02 0.000E+00
9.450E-02 1.502E-01
1.806E-01 3.704E-02
3.077E-01 0.000E+00
1.429E-01 2.336E-01
5.217E-01 0.000E+00
0.000E+00 1.020E-01
1.111E-01 0.000E+00
2.041E-01 2.042E-01
2.581E-01 1.176E-01
3.000E-01 1.000E+00
1.449E-01 4.262E-01
9.083E-01 0.000E+00
5.236E-03 1.796E-02
1.087E-02 8.333E-02
7.338E-03 7.637E-03
3.704E-02 8.658E-03
0.000E+00 1.875E-02
1.522E-01 2.174E-02
9.756E-02 2.143E-02
0.000E+00 7.907E-02
2.703E-01 3.008E-02
1.000E-01 3.685E-02
1.731E-01 4.000E-01
6.221E-02 1.556E-01
0.000E+00 6.250E-02
1.200E-01 0.000E+00
2.500E-01 2.500E-01
6.061E-01 0.000E+00
0.000E+00 5.161E-02
2.295E-01 0.000E+00
1.082E-01 2.219E-01
7.778E-01 6.667E-02
1.667E-01 0.000E+00
2.222E-01 4.772E-01
1.165E+00 0.000E+00
0.000E+00 6.061E-02
3.333E-01 2.000E+00
2.842E-01 3.868E-01
5.000E-01 9.677E-02
4.194E-01 0.000E+00
3.673E-01 6.713E-01
1.575E+00 7.435E-03
1.207E-02 2.019E-02
1.515E-02 1.406E-01
1.879E-03 1.575E-03
0.000E+00 1.420E-02
0.000E+00 7.749E-03
0.000E+00 1.483E-02
1.304E-01 2.667E-02
3.333E-01 7.463E-02
1.429E-01 0.000E+00
1.667E-01 2.550E-02
4.651E-02 0.000E+00
4.632E-02 9.172E-02
2.985E-01 4.082E-02
2.222E-01 1.000E+00
1.452E-01 2.000E-01
4.898E-01 3.333E-01
0.000E+00 1.575E-02
8.065E-02 0.000E+00
9.450E-02 1.502E-01
1.806E-01 3.704E-02
3.077E-01 0.000E+00
1.429E-01 2.336E-01
5.217E-01 0.000E+00
0.000E+00 1.020E-01
1.111E-01 0.000E+00
2.041E-01 2.042E-01
2.581E-01 1.176E-01
3.000E-01 1.000E+00
1.449E-01 4.262E-01
9.083E-01 0.000E+00
5.236E-03 1.796E-02
1.087E-02 8.333E-02
7.338E-03 7.637E-03
3.704E-02 8.658E-03
0.000E+00 1.875E-02
1.522E-01 2.174E-02
9.756E-02 2.143E-02
0.000E+00 7.907E-02
2.703E-01 3.008E-02
1.000E-01 3.685E-02
1.731E-01 4.000E-01
6.221E-02 1.556E-01
0.000E+00 6.250E-02
1.200E-01 0.000E+00
2.500E-01 2.500E-01
6.061E-01 0.000E+00
0.000E+00 5.161E-02
2.295E-01 0.000E+00
1.082E-01 2.219E-01
7.778E-01 6.667E-02
1.667E-01 0.000E+00
2.222E-01 4.772E-01
1.165E+00 0.000E+00
0.000E+00 6.061E-02
3.333E-01 2.000E+00
2.842E-01 3.868E-01
5.000E-01 9.677E-02
4.194E-01 0.000E+00
3.673E-01 6.713E-01
1.575E+00 7.435E-03
1.207E-02 2.019E-02
1.515E-02 1.406E-01
1.879E-03 1.575E-03
0.000E+00 1.420E-02
0.000E+00 7.749E-03
0.000E+00 1.483E-02
1.304E-01 2.667E-02
3.333E-01 7.463E-02
1.429E-01 0.000E+00
1.667E-01 2.550E-02
4.651E-02 0.000E+00
4.632E-02 9.172E-02
2.985E-01 4.082E-02
2.222E-01 1.000E+00
1.452E-01 2.000E-01
4.898E-01 3.333E-01
0.000E+00 1.575E-02
8.065E-02 0.000E+00
9.450E-02 1.502E-01
1.806E-01 3.704E-02
3.077E-01 0.000E+00
1.429E-01 2.336E-01
5.217E-01 0.000E+00
0.000E+00 1.020E-01
1.111E-01 0.000E+00
2.041E-01 2.042E-01
2.581E-01 1.176E-01
3.000E-01 1.000E+00
1.449E-01 4.262E-01
9.083E-01 0.000E+00
5.236E-03 1.796E-02
1.087E-02 8.333E-02
7.338E-03 7.637E-03
3.704E-02 8.658E-03
0.000E+00 1.875E-02
1.522E-01 2.174E-02
9.756E-02 2.143E-02
0.000E+00 7.907E-02
2.703E-01 3.008E-02
1.000E-01 3.685E-02
1.731E-01 4.000E-01
6.221E-02 1.556E-01
0.000E+00 6.250E-02
1.200E-01 0.000E+00
2.500E-01 2.500E-01
6.061E-01 0.000E+00
0.000E+00 5.161E-02
2.295E-01 0.000E+00
1.082E-01 2.219E-01
7.778E-01 6.667E-02
1.667E-01 0.000E+00
2.222E-01 4.772E-01
1.165E+00 0.000E+00
0.000E+00 6.061E-02
3.333E-01 2.000E+00
2.842E-01 3.868E-01
5.000E-01 9.677E-02
4.194E-01 0.000E+00
3.673E-01 6.713E-01
1.575E+00 7.435E-03
1.207E-02 2.019E-02
1.515E-02 1.406E-01
1.879E-03 1.575E-03
0.000E+00 1.420E-02
0.000E+00 7.749E-03
0.000E+00 1.483E-02
1.304E-01 2.667E-02
3.333E-01 7.463E-02
1.429E-01 0.000E+00
1.667E-01 2.550E-02
4.651E-02 0.000E+00
4.632E-02 9.172E-02
2.985E-01 4.082E-02
2.222E-01 1.000E+00
1.452E-01 2.000E-01
4.898E-01 3.333E-01
0.000E+00 1.575E-02
8.065E-02 0.000E+00
9.450E-02 1.502E-01
1.806E-01 3.704E-02
3.077E-01 0.000E+00
1.429E-01 2.336E-01
5.217E-01 0.000E+00
0.000E+00 1.020E-01
1.111E-01 0.000E+00
2.041E-01 2.042E-01
2.581E-01 1.176E-01
3.000E-01 1.000E+00
1.449E-01 4.262E-01
9.083E-01 0.000E+00
5.236E-03 1.796E-02
1.087E-02 8.333E-02
7.338E-03 7.637E-03
3.704E-02 8.658E-03
0.000E+00 1.875E-02
1.522E-01 2.174E-02
9.756E-02 2.143E-02
0.000E+00 7.907E-02
2.703E-01 3.008E-02
1.000E-01 3.685E-02
1.731E-01 4.000E-01
6.221E-02 1.556E-01
0.000E+00 6.250E-02
1.200E-01 0.000E+00
2.500E-01 2.500E-01
6.061E-01 0.000E+00
0.000E+00 5.161E-02
2.295E-01 0.000E+00
1.082E-01 2.219E-01
7.778E-01 6.667E-02
1.667E-01 0.000E+00
2.222E-01 4.772E-01
1.165E+00 0.000E+00
0.000E+00 6.061E-02
3.333E-01 2.000E+00
2.842E-01 3.868E-01
5.000E-01 9.677E-02
4.194E-01 0.000E+00
3.673E-01 6.713E-01
1.575E+00 7.435E-03
1.207E-02 2.019E-02
1.515E-02 1.406E-01
1.879E-03 1.575E-03
0.000E+00 1.420E-02
0.000E+00 7.749E-03
0.000E+00 1.483E-02
1.304E-01 2.667E-02
3.333E-01 7.463E-02
1.429E-01 0.000E+00
1.667E-01 2.550E-02
4.651E-02 0.000E+00
4.632E-02 9.172E-02
2.985E-01 4.082E-02
2.222E-01 1.000E+00
1.452E-01 2.000E-01
4.898E-01 3.333E-01
0.000E+00 1.575E-02
8.065E-02 0.000E+00
9.450E-02 1.502E-01
1.806E-01 3.704E-02
3.077E-01 0.000E+00
1.429E-01 2.336E-01
5.217E-01 0.000E+00
0.000E+00 1.020E-01
1.111E-01 0.000E+00
2.041E-01 2.042E-01
2.581E-01 1.176E-01
3.000E-01 1.000E+00
1.449E-01 4.262E-01
9.083E-01 0.000E+00
5.236E-03 1.796E-02
1.087E-02 8.333E-02
7.338E-03 7.637E-03
3.704E-02 8.658E-03
0.000E+00 1.875E-02
1.522E-01 2.174E-02
9.756E-02 2.143E-02
0.000E+00 7.907E-02
2.703E-01 3.008E-02
1.000E-01 3.685E-02
1.731E-01 4.000E-01
6.221E-02 1.556E-01
0.000E+00 6.250E-02
1.200E-01 0.000E+00
2.500E-01 2.500E-01
6.061E-01 0.000E+00
0.000E+00 5.161E-02
2.295E-01 0.000E+00
1.082E-01 2.219E-01
7.778E-01 6.667E-02
1.667E-01 0.000E+00
2.222E-01 4.772E-01
1.165E+00 0.000E+00
0.000E+00 6.061E-02
3.333E-01 2.000E+00
2.842E-01 3.868E-01
5.000E-01 9.677E-02
4.194E-01 0.000E+00
3.673E-01 6.713E-01
1.575E+00 7.435E-03
1.207E-02 2.019E-02
1.515E-02 1.406E-01
1.879E-03 1.575E-03
0.000E+00 1.420E-02
0.000E+00 7.749E-03
0.000E+00 1.483E-02
1.304E-01 2.667E-02
3.333E-01 7.463E-02
1.429E-01 0.000E+00
1.667E-01 2.550E-02
4.651E-02 0.000E+00
4.632E-02 9.172E-02
2.985E-01 4.082E-02
2.222E-01 1.000E+00
1.452E-01 2.000E-01
4.898E-01 3.333E-01
0.000E+00 1.575E-02
8.065E-02 0.000E+00
9.450E-02 1.502E-01
1.806E-01 3.704E-02
3.077E-01 0.000E+00
1.429E-01 2.336E-01
5.217E-01 0.000E+00
0.000E+00 1.020E-01
1.111E-01 0.000E+00
2.041E-01 2.042E-01
2.581E-01 1.176E-01
3.000E-01 1.000E+00
1.449E-01 4.262E-01
9.083E-01 0.000E+00
5.236E-03 1.796E-02
1.087E-02 8.333E-02
7.338E-03 7.637E-03
3.704E-02 8.658E-03
0.000E+00 1.875E-02
1.522E-01 2.174E-02
9.756E-02 2.143E-02
0.000E+00 7.907E-02
2.703E-01 3.008E-02
1.000E-01 3.685E-02
1.731E-01 4.000E-01
6.221E-02 1.556E-01
0.000E+00 6.250E-02
1.200E-01 0.000E+00
2.500E-01 2.500E-01
6.061E-01 0.000E+00
0.000E+00 5.161E-02
2.295E-01 0.000E+00
1.082E-01 2.219E-01
7.778E-01 6.667E-02
1.667E-01 0.000E+00
2.222E-01 4.772E-01
1.165E+00 0.000E+00
0.000E+00 6.061E-02
3.333E-01 2.000E+00
2.842E-01 3.868E-01
5.000E-01 9.677E-02
4.194E-01 0.000E+00
3.673E-01 6.713E-01
1.575E+00 7.435E-03
1.207E-02 2.019E-02
1.515E-02 1.406E-01
1.879E-03 1.575E-03
0.000E+00 1.420E-02
0.000E+00 7.749E-03
0.000E+00 1.483E-02
1.304E-01 2.667E-02
3.333E-01 7.463E-02
1.429E-01 0.000E+00
1.667E-01 2.550E-02
4.651E-02 0.000E+00
4.632E-02 9.172E-02
2.985E-01 4.082E-02
2.222E-01 1.000E+00
1.452E-01 2.000E-01
4.898E-01 3.333E-01
0.000E+00 1.575E-02
8.065E-02 0.000E+00
9.450E-02 1.502E-01
1.806E-01 3.704E-02
3.077E-01 0.000E+00
1.429E-01 2.336E-01
5.217E-01 0.000E+00
0.000E+00 1.020E-01
1.111E-01 0.000E+00
2.041E-01 2.042E-01
2.581E-01 1.176E-01
3.000E-01 1.000E+00
1.449E-01 4.262E-01
9.083E-01 0.000E+00
5.236E-03 1.796E-02
1.087E-02 8.333E-02
7.338E-03 7.637E-03
3.704E-02 8.658E-03
0.000E+00 1.875E-02
1.522E-01 2.174E-02
9.756E-02 2.143E-02
0.000E+00 7.907E-02
2.703E-01 3.008E-02
1.000E-01 3.685E-02
1.731E-01 4.000E-01
6.221E-02 1.556E-01
0.000E+00 6.250E-02
1.200E-01 0.000E+00
2.500E-01 2.500E-01
6.061E-01 0.000E+00
0.000E+00 5.161E-02
2.295E-01 0.000E+00
1.082E-01 2.219E-01
7.778E-01 6.667E-02
1.667E-01 0.000E+00
2.222E-01 4.772E-01
1.165E+00 0.000E+00
0.000E+00 6.061E-02
3.333E-01 2.000E+00
2.842E-01 3.868E-01
5.000E-01 9.677E-02
4.194E-01 0.000E+00
3.673E-01 6.713E-01
1.575E+00 7.435E-03
1.207E-02 2.019E-02
1.515E-02 1.406E-01
1.879E-03 1.575E-03
0.000E+00 1.420E-02
0.000E+00 7.749E-03
0.000E+00 1.483E-02
1.304E-01 2.667E-02
3.333E-01 7.463E-02
1.429E-01 0.000E+00
1.667E-01 2.550E-02
4.651E-02 0.000E+00
4.632E-02 9.172E-02
2.985E-01 4.082E-02
2.222E-01 1.000E+00
1.452E-01 2.000E-01
4.898E-01 3.333E-01
0.000E+00 1.575E-02
8.065E-02 0.000E+00
9.450E-02 1.502E-01
1.806E-01 3.704E-02
3.077E-01 0.000E+00
1.429E-01 2.336E-01
5.217E-01 0.000E+00
0.000E+00 1.020E-01
1.111E-01 0.000E+00
2.041E-01 2.042E-01
2.581E-01 1.176E-01
3.000E-01 1.000E+00
1.449E-01 4.262E-01
9.083E-01 0.000E+00
5.236E-03 1.796E-02
1.087E-02 8.333E-02
7.338E-03 7.637E-03
3.704E-02 8.658E-03
0.000E+00 1.875E-02
1.522E-01 2.174E-02
9.756E-02 2.143E-02
0.000E+00 7.907E-02
2.703E-01 3.008E-02
1.000E-01 3.685E-02
1.731E-01 4.000E-01
6.221E-02 1.556E-01
0.000E+00 6.250E-02
1.200E-01 0.000E+00
2.500E-01 2.500E-01
6.061E-01 0.000E+00
0.000E+00 5.161E-02
2.295E-01 0.000E+00
1.082E-01 2.219E-01
7.778E-01 6.667E-02
1.667E-01 0.000E+00
2.222E-01 4.772E-01
1.165E+00 0.000E+00
0.000E+00 6.061E-02
3.333E-01 2.000E+00
2.842E-01 3.868E-01
5.000E-01 9.677E-02
4.194E-01 0.000E+00
3.673E-01 6.713E-01
1.575E+00 7.435E-03
1.207E-02 2.019E-02
1.515E-02 1.406E-01
1.879E-03 1.575E-03
0.000E+00 1.420E-02
0.000E+00 7.749E-03
0.000E+00 1.483E-02
1.304E-01 2.667E-02
3.333E-01 7.463E-02
1.429E-01 0.000E+00
1.667E-01 2.550E-02
4.651E-02 0.000E+00
4.632E-02 9.172E-02
2.985E-01 4.082E-02
2.222E-01 1.000E+00
1.452E-01 2.000E-01
4.898E-01 3.333E-01
0.000E+00 1.575E-02
8.065E-02 0.000E+00
9.450E-02 1.502E-01
1.806E-01 3.704E-02
3.077E-01 0.000E+00
1.429E-01 2.336E-01
5.217E-01 0.000E+00
0.000E+00 1.020E-01
1.111E-01 0.000E+00
2.041E-01 2.042E-01
2.581E-01 1.176E-01
3.000E-01 1.000E+00
1.449E-01 4.262E-01
9.083E-01 0.000E+00
5.236E-03 1.796E-02
1.087E-02 8.333E-02
7.338E-03 7.637E-03
3.704E-02 8.658E-03
0.000E+00 1.875E-02
1.522E-01 2.174E-02
9.756E-02 2.143E-02
0.000E+00 7.907E-02
2.703E-01 3.008E-02
1.000E-01 3.685E-02
1.731E-01 4.000E-01
6.221E-02 1.556E-01
0.000E+00 6.250E-02
1.200E-01 0.000E+00
2.500E-01 2.500E-01
6.061E-01 0.000E+00
0.000E+00 5.161E-02
2.295E-01 0.000E+00
1.082E-01 2.219E-01
7.778E-01 6.667E-02
1.667E-01 0.000E+00
2.222E-01 4.772E-01
1.165E+00 0.000E+00
0.000E+00 6.061E-02
3.333E-01 2.000E+00
2.842E-01 3.868E-01
5.000E-01 9.677E-02
4.194E-01 0.000E+00
3.673E-01 6.713E-01
1.575E+00 7.435E-03
1.207E-02 2.019E-02
1.515E-02 1.406E-01
1.879E-03 1.575E-03
0.000E+00 1.420E-02
0.000E+00 7.749E-03
0.000E+00 1.483E-02
1.304E-01 2.667E-02
3.333E-01 7.463E-02
1.429E-01 0.000E+00
1.667E-01 2.550E-02
4.651E-02 0.000E+00
4.632E-02 9.172E-02
2.985E-01 4.082E-02
2.222E-01 1.000E+00
1.452E-01 2.000E-01
4.898E-01 3.333E-01
0.000E+00 1.575E-02
8.065E-02 0.000E+00
9.450E-02 1.502E-01
1.806E-01 3.704E-02
3.077E-01 0.000E+00
1.429E-01 2.336E-01
5.217E-01 0.000E+00
0.000E+00 1.020E-01
1.111E-01 0.000E+00
2.041E-01 2.042E-01
2.581E-01 1.176E-01
3.000E-01 1.000E+00
1.449E-01 4.262E-01
9.083E-01 0.000E+00
5.236E-03 1.796E-02
1.087E-02 8.333E-02
7.338E-03 7.637E-03
3.704E-02 8.658E-03
0.000E+00 1.875E-02
1.522E-01 2.174E-02
9.756E-02 2.143E-02
0.000E+00 7.907E-02
2.703E-01 3.008E-02
1.000E-01 3.685E-02
1.731E-01 4.000E-01
6.221E-02 1.556E-01
0.000E+00 6.250E-02
1.200E-01 0.000E+00
2.500E-01 2.500E-01
6.061E-01 0.000E+00
0.000E+00 5.161E-02
2.295E-01 0.000E+00
1.082E-01 2.219E-01
7.778E-01 6.667E-02
1.667E-01 0.000E+00
2.222E-01 4.772E-01
1.165E+00 0.000E+00
0.000E+00 6.061E-02
3.333E-01 2.000E+00
2.842E-01 3.868E-01
5.000E-01 9.677E-02
4.194E-01 0.000E+00
3.673E-01 6.713E-01
1.575E+00 7.435E-03
1.207E-02 2.019E-02
1.515E-02 1.406E-01
1.879E-03 1.575E-03
0.000E+00 1.420E-02
0.000E+00 7.749E-03
0.000E+00 1.483E-02
1.304E-01 2.667E-02
3.333E-01 7.463E-02
1.429E-01 0.000E+00
1.667E-01 2.550E-02
4.651E-02 0.000E+00
4.632E-02 9.172E-02
2.985E-01 4.082E-02
2.222E-01 1.000E+00
1.452E-01 2.000E-01
4.898E-01 3.333E-01
0.000E+00 1.575E-02
8.065E-02 0.000E+00
9.450E-02 1.502E-01
1.806E-01 3.704E-02
3.077E-01 0.000E+00
1.429E-01 2.336E-01
5.217E-01 0.000E+00
0.000E+00 1.020E-01
1.111E-01 0.000E+00
2.041E-01 2.042E-01
2.581E-01 1.176E-01
3.000E-01 1.000E+00
1.449E-01 4.262E-01
9.083E-01 0.000E+00
5.236E-03 1.796E-02
1.087E-02 8.333E-02
7.338E-03 7.637E-03
3.704E-02 8.658E-03
0.000E+00 1.875E-02
1.522E-01 2.174E-02
9.756E-02 2.143E-02
0.000E+00 7.907E-02
2.703E-01 3.008E-02
1.000E-01 3.685E-02
1.731E-01 4.000E-01
6.221E-02 1.556E-01
0.000E+00 6.250E-02
1.200E-01 0.000E+00
2.500E-01 2.500E-01
6.061E-01 0.000E+00
0.000E+00 5.161E-02
2.295E-01 0.000E+00
1.082E-01 2.219E-01
7.778E-01 6.667E-02
1.667E-01 0.000E+00
2.222E-01 4.772E-01
1.165E+00 0.000E+00
0.000E+00 6.061E-02
3.333E-01 2.000E+00
2.842E-01 3.868E-01
5.000E-01 9.677E-02
4.194E-01 0.000E+00
3.673E-01 6.713E-01
1.575E+00 7.435E-03
1.207E-02 2.019E-02
1.515E-02 1.406E-01
1.879E-03 1.575E-03
0.000E+00 1.420E-02
0.000E+00 7.749E-03
0.000E+00 1.483E-02
1.304E-01 2.667E-02
3.333E-01 7.463E-02
1.429E-01 0.000E+00
1.667E-01 2.550E-02
4.651E-02 0.000E+00
4.632E-02 9.172E-02
2.985E-01 4.082E-02
2.222E-01 1.000E+00
1.452E-01 2.000E-01
4.898E-01 3.333E-01
0.000E+00 1.575E-02
8.065E-02 0.000E+00
9.450E-02 1.502E-01
1.806E-01 3.704E-02
3.077E-01 0.000E+00
1.429E-01 2.336E-01
5.217E-01 0.000E+00
0.000E+00 1.020E-01
1.111E-01 0.000E+00
2.041E-01 2.042E-01
2.581E-01 1.176E-01
3.000E-01 1.000E+00
1.449E-01 4.262E-01
9.083E-01 0.000E+00
5.236E-03 1.796E-02
1.087E-02 8.333E-02
7.338E-03 7.637E-03
3.704E-02 8.658E-03
0.000E+00 1.875E-02
1.522E-01 2.174E-02
9.756E-02 2.143E-02
0.000E+00 7.907E-02
2.703E-01 3.008E-02
1.000E-01 3.685E-02
1.731E-01 4.000E-01
6.221E-02 1.556E-01
0.000E+00 6.250E-02
1.200E-01 0.000E+00
2.500E-01 2.500E-01
6.061E-01 0.000E+00
0.000E+00 5.161E-02
2.295E-01 0.000E+00
1.082E-01 2.219E-01
7.778E-01 6.667E-02
1.667E-01 0.000E+00
2.222E-01 4.772E-01
1.165E+00 0.000E+00
0.000E+00 6.061E-02
3.333E-01 2.000E+00
2.842E-01 3.868E-01
5.000E-01 9.677E-02
4.194E-01 0.000E+00
3.673E-01 6.713E-01
1.575E+00 7.435E-03
1.207E-02 2.019E-02
1.515E-02 1.406E-01
1.879E-03 1.575E-03
0.000E+00 1.420E-02
0.000E+00 7.749E-03
0.000E+00 1.483E-02
1.304E-01 2.667E-02
3.333E-01 7.463E-02
1.429E-01 0.000E+00
1.667E-01 2.550E-02
4.651E-02 0.000E+00
4.632E-02 9.172E-02
2.985E-01 4.082E-02
2.222E-01 1.000E+00
1.452E-01 2.000E-01
4.898E-01 3.333E-01
0.000E+00 1.575E-02
8.065E-02 0.000E+00
9.450E-02 1.502E-01
1.806E-01 3.704E-02
3.077E-01 0.000E+00
1.429E-01 2.336E-01
5.217E-01 0.000E+00
0.000E+00 1.020E-01
1.111E-01 0.000E+00
2.041E-01 2.042E-01
2.581E-01 1.176E-01
3.000E-01 1.000E+00
1.449E-01 4.262E-01
9.083E-01 0.000E+00
5.236E-03 1.796E-02
1.087E-02 8.333E-02
7.338E-03 7.637E-03
3.704E-02 8.658E-03
0.000E+00 1.875E-02
1.522E-01 2.174E-02
9.756E-02 2.143E-02
0.000E+00 7.907E-02
2.703E-01 3.008E-02
1.000E-01 3.685E-02
1.731E-01 4.000E-01
6.221E-02 1.556E-01
0.000E+00 6.250E-02
1.200E-01 0.000E+00
2.500E-01 2.500E-01
6.061E-01 0.000E+00
0.000E+00 5.161E-02
2.295E-01 0.000E+00
1.082E-01 2.219E-01
7.778E-01 6.667E-02
1.667E-01 0.000E+00
2.222E-01 4.772E-01
1.165E+00 0.000E+00
0.000E+00 6.061E-02
3.333E-01 2.000E+00
2.842E-01 3.868E-01
5.000E-01 9.677E-02
4.194E-01 0.000E+00
3.673E-01 6.713E-01
1.575E+00 7.435E-03
1.207E-02 2.019E-02
1.515E-02 1.406E-01
1.879E-03 1.575E-03
0.000E+00 1.420E-02
0.000E+00 7.749E-03
0.000E+00 1.483E-02
1.304E-01 2.667E-02
3.333E-01 7.463E-02
1.429E-01 0.000E+00
1.667E-01 2.550E-02
4.651E-02 0.000E+00
4.632E-02 9.172E-02
2.985E-01 4.082E-02
2.222E-01 1.000E+00
1.452E-01 2.000E-01
4.898E-01 3.333E-01
0.000E+00 1.575E-02
8.065E-02 0.000E+00
9.450E-02 1.502E-01
1.806E-01 3.704E-02
3.077E-01 0.000E+00
1.429E-01 2.336E-01
5.217E-01 0.000E+00
0.000E+00 1.020E-01
1.111E-01 0.000E+00
2.041E-01 2.042E-01
2.581E-01 1.176E-01
3.000E-01 1.000E+00
1.449E-01 4.262E-01
9.083E-01 0.000E+00
5.236E-03 1.796E-02
1.087E-02 8.333E-02
7.338E-03 7.637E-03
3.704E-02 8.658E-03
0.000E+00 1.875E-02
1.522E-01 2.174E-02
9.756E-02 2.143E-02
0.000E+00 7.907E-02
2.703E-01 3.008E-02
1.000E-01 3.685E-02
1.731E-01 4.000E-01
6.221E-02 1.556E-01
0.000E+00 6.250E-02
1.200E-01 0.000E+00
2.500E-01 2.500E-01
6.061E-01 0.000E+00
0.000E+00 5.161E-02
2.295E-01 0.000E+00
1.082E-01 2.219E-01
7.778E-01 6.667E-02
1.667E-01 0.000E+00
2.222E-01 4.772E-01
1.165E+00 0.000E+00
0.000E+00 6.061E-02
3.333E-01 2.000E+00
2.842E-01 3.868E-01
5.000E-01 9.677E-02
4.194E-01 0.000E+00
3.673E-01 6.713E-01
1.575E+00 7.435E-03
1.207E-02 2.019E-02
1.515E-02 1.406E-01
1.879E-03 1.575E-03
0.000E+00 1.420E-02
0.000E+00 7.749E-03
0.000E+00 1.483E-02
1.304E-01 2.667E-02
3.333E-01 7.463E-02
1.429E-01 0.000E+00
1.667E-01 2.550E-02
4.651E-02 0.000E+00
4.632E-02 9.172E-02
2.985E-01 4.082E-02
2.222E-01 1.000E+00
1.452E-01 2.000E-01
4.898E-01 3.333E-01
0.000E+00 1.575E-02
8.065E-02 0.000E+00
9.450E-02 1.502E-01
1.806E-01 3.704E-02
3.077E-01 0.000E+00
1.429E-01 2.336E-01
5.217E-01 0.000E+00
0.000E+00 1.020E-01
1.111E-01 0.000E+00
2.041E-01 2.042E-01
2.581E-01 1.176E-01
3.000E-01 1.000E+00
1.449E-01 4.262E-01
9.083E-01 0.000E+00
5.236E-03 1.796E-02
1.087E-02 8.333E-02
7.338E-03 7.637E-03
3.704E-02 8.658E-03
0.000E+00 1.875E-02
1.522E-01 2.174E-02
9.756E-02 2.143E-02
0.000E+00 7.907E-02
2.703E-01 3.008E-02
1.000E-01 3.685E-02
1.731E-01 4.000E-01
6.221E-02 1.556E-01
0.000E+00 6.250E-02
1.200E-01 0.000E+00
2.500E-01 2.500E-01
6.061E-01 0.000E+00
0.000E+00 5.161E-02
2.295E-01 0.000E+00
1.082E-01 2.219E-01
7.778E-01 6.667E-02
1.667E-01 0.000E+00
2.222E-01 4.772E-01
1.165E+00 0.000E+00
0.000E+00 6.061E-02
3.333E-01 2.000E+00
2.842E-01 3.868E-01
5.000E-01 9.677E-02
4.194E-01 0.000E+00
3.673E-01 6.713E-01
1.575E+00 7.435E-03
1.207E-02 2.019E-02
1.515E-02 1.406E-01
1.879E-03 1.575E-03
0.000E+00 1.420E-02
0.000E+00 7.749E-03
0.000E+00 1.483E-02
1.304E-01 2.667E-02
3.333E-01 7.463E-02
1.429E-01 0.000E+00
1.667E-01 2.550E-02
4.651E-02 0.000E+00
4.632E-02 9.172E-02
2.985E-01 4.082E-02
2.222E-01 1.000E+00
1.452E-01 2.000E-01
4.898E-01 3.333E-01
0.000E+00 1.575E-02
8.065E-02 0.000E+00
9.450E-02 1.502E-01
1.806E-01 3.704E-02
3.077E-01 0.000E+00
1.429E-01 2.336E-01
5.217E-01 0.000E+00
0.000E+00 1.020E-01
1.111E-01 0.000E+00
2.041E-01 2.042E-01
2.581E-01 1.176E-01
3.000E-01 1.000E+00
1.449E-01 4.262E-01
9.083E-01 0.000E+00
5.236E-03 1.796E-02
1.087E-02 8.333E-02
7.338E-03 7.637E-03
3.704E-02 8.658E-03
0.000E+00 1.875E-02
1.522E-01 2.174E-02
9.756E-02 2.143E-02
0.000E+00 7.907E-02
2.703E-01 3.008E-02
1.000E-01 3.685E-02
1.731E-01 4.000E-01
6.221E-02 1.556E-01
0.000E+00 6.250E-02
1.200E-01 0.000E+00
2.500E-01 2.500E-01
6.061E-01 0.000E+00
0.000E+00 5.161E-02
2.295E-01 0.000E+00
1.082E-01 2.219E-01
7.778E-01 6.667E-02
1.667E-01 0.000E+00
2.222E-01 4.772E-01
1.165E+00 0.000E+00
0.000E+00 6.061E-02
3.333E-01 2.000E+00
2.842E-01 3.868E-01
5.000E-01 9.677E-02
4.194E-01 0.000E+00
3.673E-01 6.713E-01
1.575E+00 7.435E-03
1.207E-02 2.019E-02
1.515E-02 1.406E-01
1.879E-03 1.575E-03
0.000E+00 1.420E-02
0.000E+00 7.749E-03
0.000E+00 1.483E-02
1.304E-01 2.667E-02
3.333E-01 7.463E-02
1.429E-01 0.000E+00
1.667E-01 2.550E-02
4.651E-02 0.000E+00
4.632E-02 9.172E-02
2.985E-01 4.082E-02
2.222E-01 1.000E+00
1.452E-01 2.000E-01
4.898E-01 3.333E-01
0.000E+00 1.575E-02
8.065E-02 0.000E+00
9.450E-02 1.502E-01
1.806E-01 3.704E-02
3.077E-01 0.000E+00
1.429E-01 2.336E-01
5.217E-01 0.000E+00
0.000E+00 1.020E-01
1.111E-01 0.000E+00
2.041E-01 2.042E-01
2.581E-01 1.176E-01
3.000E-01 1.000E+00
1.449E-01 4.262E-01
9.083E-01 0.000E+00
5.236E-03 1.796E-02
1.087E-02 8.333E-02
7.338E-03 7.637E-03
3.704E-02 8.658E-03
0.000E+00 1.875E-02
1.522E-01 2.174E-02
9.756E-02 2.143E-02
0.000E+00 7.907E-02
2.703E-01 3.008E-02
1.000E-01 3.685E-02
1.731E-01 4.000E-01
6.221E-02 1.556E-01
0.000E+00 6.250E-02
1.200E-01 0.000E+00
2.500E-01 2.500E-01
6.061E-01 0.000E+00
0.000E+00 5.161E-02
2.295E-01 0.000E+00
1.082E-01 2.219E-01
7.778E-01 6.667E-02
1.667E-01 0.000E+00
2.222E-01 4.772E-01
1.165E+00 0.000E+00
0.000E+00 6.061E-02
3.333E-01 2.000E+00
2.842E-01 3.868E-01
5.000E-01 9.677E-02
4.194E-01 0.000E+00
3.673E-01 6.713E-01
1.575E+00 7.435E-03
1.207E-02 2.019E-02
1.515E-02 1.406E-01
1.879E-03 1.575E-03
0.000E+00 1.420E-02
0.000E+00 7.749E-03
0.000E+00 1.483E-02
1.304E-01 2.667E-02
3.333E-01 7.463E-02
1.429E-01 0.000E+00
1.667E-01 2.550E-02
4.651E-02 0.000E+00
4.632E-02 9.172E-02
2.985E-01 4.082E-02
2.222E-01 1.000E+00
1.452E-01 2.000E-01
4.898E-01 3.333E-01
0.000E+00 1.575E-02
8.065E-02 0.000E+00
9.450E-02 1.502E-01
1.806E-01 3.704E-02
3.077E-01 0.000E+00
1.429E-01 2.336E-01
5.217E-01 0.000E+00
0.000E+00 1.020E-01
1.111E-01 0.000E+00
2.041E-01 2.042E-01
2.581E-01 1.176E-01
3.000E-01 1.000E+00
1.449E-01 4.262E-01
9.083E-01 0.000E+00
5.236E-03 1.796E-02
1.087E-02 8.333E-02
7.338E-03 7.637E-03
3.704E-02 8.658E-03
0.000E+00 1.875E-02
1.522E-01 2.174E-02
9.756E-02 2.143E-02
0.000E+00 7.907E-02
2.703E-01 3.008E-02
1.000E-01 3.685E-02
1.731E-01 4.000E-01
6.221E-02 1.556E-01
0.000E+00 6.250E-02
1.200E-01 0.000E+00
2.500E-01 2.500E-01
6.061E-01 0.000E+00
0.000E+00 5.161E-02
2.295E-01 0.000E+00
1.082E-01 2.219E-01
7.778E-01 6.667E-02
1.667E-01 0.000E+00
2.222E-01 4.772E-01
1.165E+00 0.000E+00
0.000E+00 6.061E-02
3.333E-01 2.000E+00
2.842E-01 3.868E-01
5.000E-01 9.677E-02
4.194E-01 0.000E+00
3.673E-01 6.713E-01
1.575E+00 7.435E-03
1.207E-02 2.019E-02
1.515E-02 1.406E-01
1.879E-03 1.575E-03
0.000E+00 1.420E-02
0.000E+00 7.749E-03
0.000E+00 1.483E-02
1.304E-01 2.667E-02
3.333E-01 7.463E-02
1.429E-01 0.000E+00
1.667E-01 2.550E-02
4.651E-02 0.000E+00
4.632E-02 9.172E-02
2.985E-01 4.082E-02
2.222E-01 1.000E+00
1.452E-01 2.000E-01
4.898E-01 3.333E-01
0.000E+00 1.575E-02
8.065E-02 0.000E+00
9.450E-02 1.502E-01
1.806E-01 3.704E-02
3.077E-01 0.000E+00
1.429E-01 2.336E-01
5.217E-01 0.000E+00
0.000E+00 1.020E-01
1.111E-01 0.000E+00
2.041E-01 2.042E-01
2.581E-01 1.176E-01
3.000E-01 1.000E+00
1.449E-01 4.262E-01
9.083E-01 0.000E+00
5.236E-03 1.796E-02
1.087E-02 8.333E-02
7.338E-03 7.637E-03
3.704E-02 8.658E-03
0.000E+00 1.875E-02
1.522E-01 2.174E-02
9.756E-02 2.143E-02
0.000E+00 7.907E-02
2.703E-01 3.008E-02
1.000E-01 3.685E-02
1.731E-01 4.000E-01
6.221E-02 1.556E-01
0.000E+00 6.250E-02
1.200E-01 0.000E+00
2.500E-01 2.500E-01
6.061E-01 0.000E+00
0.000E+00 5.161E-02
2.295E-01 0.000E+00
1.082E-01 2.219E-01
7.778E-01 6.667E-02
1.667E-01 0.000E+00
2.222E-01 4.772E-01
1.165E+00 0.000E+00
0.000E+00 6.061E-02
3.333E-01 2.000E+00
2.842E-01 3.868E-01
5.000E-01 9.677E-02
4.194E-01 0.000E+00
3.673E-01 6.713E-01
1.575E+00 7.435E-03
1.207E-02 2.019E-02
1.515E-02 1.406E-01
1.879E-03 1.575E-03
0.000E+00 1.420E-02
0.000E+00 7.749E-03
0.000E+00 1.483E-02
1.304E-01 2.667E-02
3.333E-01 7.463E-02
1.429E-01 0.000E+00
1.667E-01 2.550E-02
4.651E-02 0.000E+00
4.632E-02 9.172E-02
2.985E-01 4.082E-02
2.222E-01 1.000E+00
1.452E-01 2.000E-01
4.898E-01 3.333E-01
0.000E+00 1.575E-02
8.065E-02 0.000E+00
9.450E-02 1.502E-01
1.806E-01 3.704E-02
3.077E-01 0.000E+00
1.429E-01 2.336E-01
5.217E-01 0.000E+00
0.000E+00 1.020E-01
1.111E-01 0.000E+00
2.041E-01 2.042E-01
2.581E-01 1.176E-01
3.000E-01 1.000E+00
1.449E-01 4.262E-01
9.083E-01 0.000E+00
5.236E-03 1.796E-02
1.087E-02 8.333E-02
7.338E-03 7.637E-03
3.704E-02 8.658E-03
0.000E+00 1.875E-02
1.522E-01 2.174E-02
9.756E-02 2.143E-02
0.000E+00 7.907E-02
2.703E-01 3.008E-02
1.000E-01 3.685E-02
1.731E-01 4.000E-01
6.221E-02 1.556E-01
0.000E+00 6.250E-02
1.200E-01 0.000E+00
2.500E-01 2.500E-01
6.061E-01 0.000E+00
0.000E+00 5.161E-02
2.295E-01 0.000E+00
1.082E-01 2.219E-01
7.778E-01 6.667E-02
1.667E-01 0.000E+00
2.222E-01 4.772E-01
1.165E+00 0.000E+00
0.000E+00 6.061E-02
3.333E-01 2.000E+00
2.842E-01 3.868E-01
5.000E-01 9.677E-02
4.194E-01 0.000E+00
3.673E-01 6.713E-01
1.575E+00 7.435E-03
1.207E-02 2.019E-02
1.515E-02 1.406E-01
1.879E-03 1.575E-03
0.000E+00 1.420E-02
0.000E+00 7.749E-03
0.000E+00 1.483E-02
1.304E-01 2.667E-02
3.333E-01 7.463E-02
1.429E-01 0.000E+00
1.667E-01 2.550E-02
4.651E-02 0.000E+00
4.632E-02 9.172E-02
2.985E-01 4.082E-02
2.222E-01 1.000E+00
1.452E-01 2.000E-01
4.898E-01 3.333E-01
0.000E+00 1.575E-02
8.065E-02 0.000E+00
9.450E-02 1.502E-01
1.806E-01 3.704E-02
3.077E-01 0.000E+00
1.429E-01 2.336E-01
5.217E-01 0.000E+00
0.000E+00 1.020E-01
1.111E-01 0.000E+00
2.041E-01 2.042E-01
2.581E-01 1.176E-01
3.000E-01 1.000E+00
1.449E-01 4.262E-01
9.083E-01 0.000E+00
5.236E-03 1.796E-02
1.087E-02 8.333E-02
7.338E-03 7.637E-03
3.704E-02 8.658E-03
0.000E+00 1.875E-02
1.522E-01 2.174E-02
9.756E-02 2.143E-02
0.000E+00 7.907E-02
2.703E-01 3.008E-02
1.000E-01 3.685E-02
1.731E-01 4.000E-01
6.221E-02 1.556E-01
0.000E+00 6.250E-02
1.200E-01 0.000E+00
2.500E-01 2.500E-01
6.061E-01 0.000E+00
0.000E+00 5.161E-02
2.295E-01 0.000E+00
1.082E-01 2.219E-01
7.778E-01 6.667E-02
1.667E-01 0.000E+00
2.222E-01 4.772E-01
1.165E+00 0.000E+00
0.000E+00 6.061E-02
3.333E-01 2.000E+00
2.842E-01 3.868E-01
5.000E-01 9.677E-02
4.194E-01 0.000E+00
3.673E-01 6.713E-01
1.575E+00 7.435E-03
1.207E-02 2.019E-02
1.515E-02 1.406E-01
1.879E-03 1.575E-03
0.000E+00 1.420E-02
0.000E+00 7.749E-03
0.000E+00 1.483E-02
1.304E-01 2.667E-02
3.333E-01 7.463E-02
1.429E-01 0.000E+00
1.667E-01 2.550E-02
4.651E-02 0.000E+00
4.632E-02 9.172E-02
2.985E-01 4.082E-02
2.222E-01 1.000E+00
1.452E-01 2.000E-01
4.898E-01 3.333E-01
0.000E+00 1.575E-02
8.065E-02 0.000E+00
9.450E-02 1.502E-01
1.806E-01 3.704E-02
3.077E-01 0.000E+00
1.429E-01 2.336E-01
5.217E-01 0.000E+00
0.000E+00 1.020E-01
1.111E-01 0.000E+00
2.041E-01 2.042E-01
2.581E-01 1.176E-01
3.000E-01 1.000E+00
1.449E-01 4.262E-01
9.083E-01 0.000E+00
5.236E-03 1.796E-02
1.087E-02 8.333E-02
7.338E-03 7.637E-03
3.704E-02 8.658E-03
0.000E+00 1.875E-02
1.522E-01 2.174E-02
9.756E-02 2.143E-02
0.000E+00 7.907E-02
2.703E-01 3.008E-02
1.000E-01 3.685E-02
1.731E-01 4.000E-01
6.221E-02 1.556E-01
0.000E+00 6.250E-02
1.200E-01 0.000E+00
2.500E-01 2.500E-01
6.061E-01 0.000E+00
0.000E+00 5.161E-02
2.295E-01 0.000E+00
1.082E-01 2.219E-01
7.778E-01 6.667E-02
1.667E-01 0.000E+00
2.222E-01 4.772E-01
1.165E+00 0.000E+00
0.000E+00 6.061E-02
3.333E-01 2.000E+00
2.842E-01 3.868E-01
5.000E-01 9.677E-02
4.194E-01 0.000E+00
3.673E-01 6.713E-01
1.575E+00 7.435E-03
1.207E-02 2.019E-02
1.515E-02 1.406E-01
1.879E-03 1.575E-03
0.000E+00 1.420E-02
0.000E+00 7.749E-03
0.000E+00 1.483E-02
1.304E-01 2.667E-02
3.333E-01 7.463E-02
1.429E-01 0.000E+00
1.667E-01 2.550E-02
4.651E-02 0.000E+00
4.632E-02 9.172E-02
2.985E-01 4.082E-02
2.222E-01 1.000E+00
1.452E-01 2.000E-01
4.898E-01 3.333E-01
0.000E+00 1.575E-02
8.065E-02 0.000E+00
9.450E-02 1.502E-01
1.806E-01 3.704E-02
3.077E-01 0.000E+00
1.429E-01 2.336E-01
5.217E-01 0.000E+00
0.000E+00 1.020E-01
1.111E-01 0.000E+00
2.041E-01 2.042E-01
2.581E-01 1.176E-01
3.000E-01 1.000E+00
1.449E-01 4.262E-01
9.083E-01 0.000E+00
5.236E-03 1.796E-02
1.087E-02 8.333E-02
7.338E-03 7.637E-03
3.704E-02 8.658E-03
0.000E+00 1.875E-02
1.522E-01 2.174E-02
9.756E-02 2.143E-02
0.000E+00 7.907E-02
2.703E-01 3.008E-02
1.000E-01 3.685E-02
1.731E-01 4.000E-01
6.221E-02 1.556E-01
0.000E+00 6.250E-02
1.200E-01 0.000E+00
2.500E-01 2.500E-01
6.061E-01 0.000E+00
0.000E+00 5.161E-02
2.295E-01 0.000E+00
1.082E-01 2.219E-01
7.778E-01 6.667E-02
1.667E-01 0.000E+00
2.222E-01 4.772E-01
1.165E+00 0.000E+00
0.000E+00 6.061E-02
3.333E-01 2.000E+00
2.842E-01 3.868E-01
5.000E-01 9.677E-02
4.194E-01 0.000E+00
3.673E-01 6.713E-01
1.575E+00 7.435E-03
1.207E-02 2.019E-02
1.515E-02 1.406E-01
1.879E-03 1.575E-03
0.000E+00 1.420E-02
0.000E+00 7.749E-03
0.000E+00 1.483E-02
1.304E-01 2.667E-02
3.333E-01 7.463E-02
1.429E-01 0.000E+00
1.667E-01 2.550E-02
4.651E-02 0.000E+00
4.632E-02 9.172E-02
2.985E-01 4.082E-02
2.222E-01 1.000E+00
1.452E-01 2.000E-01
4.898E-01 3.333E-01
0.000E+00 1.575E-02
8.065E-02 0.000E+00
9.450E-02 1.502E-01
1.806E-01 3.704E-02
3.077E-01 0.000E+00
1.429E-01 2.336E-01
5.217E-01 0.000E+00
0.000E+00 1.020E-01
1.111E-01 0.000E+00
2.041E-01 2.042E-01
2.581E-01 1.176E-01
3.000E-01 1.000E+00
1.449E-01 4.262E-01
9.083E-01 0.000E+00
5.236E-03 1.796E-02
1.087E-02 8.333E-02
7.338E-03 7.637E-03
3.704E-02 8.658E-03
0.000E+00 1.875E-02
1.522E-01 2.174E-02
9.756E-02 2.143E-02
0.000E+00 7.907E-02
2.703E-01 3.008E-02
1.000E-01 3.685E-02
1.731E-01 4.000E-01
6.221E-02 1.556E-01
0.000E+00 6.250E-02
1.200E-01 0.000E+00
2.500E-01 2.500E-01
6.061E-01 0.000E+00
0.000E+00 5.161E-02
2.295E-01 0.000E+00
1.082E-01 2.219E-01
7.778E-01 6.667E-02
1.667E-01 0.000E+00
2.222E-01 4.772E-01
1.165E+00 0.000E+00
0.000E+00 6.061E-02
3.333E-01 2.000E+00
2.842E-01 3.868E-01
5.000E-01 9.677E-02
4.194E-01 0.000E+00
3.673E-01 6.713E-01
1.575E+00 7.435E-03
1.207E-02 2.019E-02
1.515E-02 1.406E-01
1.879E-03 1.575E-03
0.000E+00 1.420E-02
0.000E+00 7.749E-03
0.000E+00 1.483E-02
1.304E-01 2.667E-02
3.333E-01 7.463E-02
1.429E-01 0.000E+00
1.667E-01 2.550E-02
4.651E-02 0.000E+00
4.632E-02 9.172E-02
2.985E-01 4.082E-02
2.222E-01 1.000E+00
1.452E-01 2.000E-01
4.898E-01 3.333E-01
0.000E+00 1.575E-02
8.065E-02 0.000E+00
9.450E-02 1.502E-01
1.806E-01 3.704E-02
3.077E-01 0.000E+00
1.429E-01 2.336E-01
5.217E-01 0.000E+00
0.000E+00 1.020E-01
1.111E-01 0.000E+00
2.041E-01 2.042E-01
2.581E-01 1.176E-01
3.000E-01 1.000E+00
1.449E-01 4.262E-01
9.083E-01 0.000E+00
5.236E-03 1.796E-02
1.087E-02 8.333E-02
7.338E-03 7.637E-03
3.704E-02 8.658E-03
0.000E+00 1.875E-02
1.522E-01 2.174E-02
9.756E-02 2.143E-02
0.000E+00 7.907E-02
2.703E-01 3.008E-02
1.000E-01 3.685E-02
1.731E-01 4.000E-01
6.221E-02 1.556E-01
0.000E+00 6.250E-02
1.200E-01 0.000E+00
2.500E-01 2.500E-01
6.061E-01 0.000E+00
0.000E+00 5.161E-02
2.295E-01 0.000E+00
1.082E-01 2.219E-01
7.778E-01 6.667E-02
1.667E-01 0.000E+00
2.222E-01 4.772E-01
1.165E+00 0.000E+00
0.000E+00 6.061E-02
3.333E-01 2.000E+00
2.842E-01 3.868E-01
5.000E-01 9.677E-02
4.194E-01 0.000E+00
3.673E-01 6.713E-01
1.575E+00 7.435E-03
1.207E-02 2.019E-02
1.515E-02 1.406E-01
1.879E-03 1.575E-03
0.000E+00 1.420E-02
0.000E+00 7.749E-03
0.000E+00 1.483E-02
1.304E-01 2.667E-02
3.333E-01 7.463E-02
1.429E-01 0.000E+00
1.667E-01 2.550E-02
4.651E-02 0.000E+00
4.632E-02 9.172E-02
2.985E-01 4.082E-02
2.222E-01 1.000E+00
1.452E-01 2.000E-01
4.898E-01 3.333E-01
0.000E+00 1.575E-02
8.065E-02 0.000E+00
9.450E-02 1.502E-01
1.806E-01 3.704E-02
3.077E-01 0.000E+00
1.429E-01 2.336E-01
5.217E-01 0.000E+00
0.000E+00 1.020E-01
1.111E-01 0.000E+00
2.041E-01 2.042E-01
2.581E-01 1.176E-01
3.000E-01 1.000E+00
1.449E-01 4.262E-01
9.083E-01 0.000E+00
5.236E-03 1.796E-02
1.087E-02 8.333E-02
7.338E-03 7.637E-03
3.704E-02 8.658E-03
0.000E+00 1.875E-02
1.522E-01 2.174E-02
9.756E-02 2.143E-02
0.000E+00 7.907E-02
2.703E-01 3.008E-02
1.000E-01 3.685E-02
1.731E-01 4.000E-01
6.221E-02 1.556E-01
0.000E+00 6.250E-02
1.200E-01 0.000E+00
2.500E-01 2.500E-01
6.061E-01 0.000E+00
0.000E+00 5.161E-02
2.295E-01 0.000E+00
1.082E-01 2.219E-01
7.778E-01 6.667E-02
1.667E-01 0.000E+00
2.222E-01 4.772E-01
1.165E+00 0.000E+00
0.000E+00 6.061E-02
3.333E-01 2.000E+00
2.842E-01 3.868E-01
5.000E-01 9.677E-02
4.194E-01 0.000E+00
3.673E-01 6.713E-01
1.575E+00 7.435E-03
1.207E-02 2.019E-02
1.515E-02 1.406E-01
1.879E-03 1.575E-03
0.000E+00 1.420E-02
0.000E+00 7.749E-03
0.000E+00 1.483E-02
1.304E-01 2.667E-02
3.333E-01 7.463E-02
1.429E-01 0.000E+00
1.667E-01 2.550E-02
4.651E-02 0.000E+00
4.632E-02 9.172E-02
2.985E-01 4.082E-02
2.222E-01 1.000E+00
1.452E-01 2.000E-01
4.898E-01 3.333E-01
0.000E+00 1.575E-02
8.065E-02 0.000E+00
9.450E-02 1.502E-01
1.806E-01 3.704E-02
3.077E-01 0.000E+00
1.429E-01 2.336E-01
5.217E-01 0.000E+00
0.000E+00 1.020E-01
1.111E-01 0.000E+00
2.041E-01 2.042E-01
2.581E-01 1.176E-01
3.000E-01 1.000E+00
1.449E-01 4.262E-01
9.083E-01 0.000E+00
5.236E-03 1.796E-02
1.087E-02 8.333E-02
7.338E-03 7.637E-03
3.704E-02 8.658E-03
0.000E+00 1.875E-02
1.522E-01 2.174E-02
9.756E-02 2.143E-02
0.000E+00 7.907E-02
2.703E-01 3.008E-02
1.000E-01 3.685E-02
1.731E-01 4.000E-01
6.221E-02 1.556E-01
0.000E+00 6.250E-02
1.200E-01 0.000E+00
2.500E-01 2.500E-01
6.061E-01 0.000E+00
0.000E+00 5.161E-02
2.295E-01 0.000E+00
1.082E-01 2.219E-01
7.778E-01 6.667E-02
1.667E-01 0.000E+00
2.222E-01 4.772E-01
1.165E+00 0.000E+00
0.000E+00 6.061E-02
3.333E-01 2.000E+00
2.842E-01 3.868E-01
5.000E-01 9.677E-02
4.194E-01 0.000E+00
3.673E-01 6.713E-01
1.575E+00 7.435E-03
1.207E-02 2.019E-02
1.515E-02 1.406E-01
1.879E-03 1.575E-03
0.000E+00 1.420E-02
0.000E+00 7.749E-03
0.000E+00 1.483E-02
1.304E-01 2.667E-02
3.333E-01 7.463E-02
1.429E-01 0.000E+00
1.667E-01 2.550E-02
4.651E-02 0.000E+00
4.632E-02 9.172E-02
2.985E-01 4.082E-02
2.222E-01 1.000E+00
1.452E-01 2.000E-01
4.898E-01 3.333E-01
0.000E+00 1.575E-02
8.065E-02 0.000E+00
9.450E-02 1.502E-01
1.806E-01 3.704E-02
3.077E-01 0.000E+00
1.429E-01 2.336E-01
5.217E-01 0.000E+00
0.000E+00 1.020E-01
1.111E-01 0.000E+00
2.041E-01 2.042E-01
2.581E-01 1.176E-01
3.000E-01 1.000E+00
1.449E-01 4.262E-01
9.083E-01 0.000E+00
5.236E-03 1.796E-02
1.087E-02 8.333E-02
7.338E-03 7.637E-03
3.704E-02 8.658E-03
0.000E+00 1.875E-02
1.522E-01 2.174E-02
9.756E-02 2.143E-02
0.000E+00 7.907E-02
2.703E-01 3.008E-02
1.000E-01 3.685E-02
1.731E-01 4.000E-01
6.221E-02 1.556E-01
0.000E+00 6.250E-02
1.200E-01 0.000E+00
2.500E-01 2.500E-01
6.061E-01 0.000E+00
0.000E+00 5.161E-02
2.295E-01 0.000E+00
1.082E-01 2.219E-01
7.778E-01 6.667E-02
1.667E-01 0.000E+00
2.222E-01 4.772E-01
1.165E+00 0.000E+00
0.000E+00 6.061E-02
3.333E-01 2.000E+00
2.842E-01 3.868E-01
5.000E-01 9.677E-02
4.194E-01 0.000E+00
3.673E-01 6.713E-01
1.575E+00 7.435E-03
1.207E-02 2.019E-02
1.515E-02 1.406E-01
1.879E-03 1.575E-03
0.000E+00 1.420E-02
0.000E+00 7.749E-03
0.000E+00 1.483E-02
1.304E-01 2.667E-02
3.333E-01 7.463E-02
1.429E-01 0.000E+00
1.667E-01 2.550E-02
4.651E-02 0.000E+00
4.632E-02 9.172E-02
2.985E-01 4.082E-02
2.222E-01 1.000E+00
1.452E-01 2.000E-01
4.898E-01 3.333E-01
0.000E+00 1.575E-02
8.065E-02 0.000E+00
9.450E-02 1.502E-01
1.806E-01 3.704E-02
3.077E-01 0.000E+00
1.429E-01 2.336E-01
5.217E-01 0.000E+00
0.000E+00 1.020E-01
1.111E-01 0.000E+00
2.041E-01 2.042E-01
2.581E-01 1.176E-01
3.000E-01 1.000E+00
1.449E-01 4.262E-01
9.083E-01 0.000E+00
5.236E-03 1.796E-02
1.087E-02 8.333E-02
7.338E-03 7.637E-03
3.704E-02 8.658E-03
0.000E+00 1.875E-02
1.522E-01 2.174E-02
9.756E-02 2.143E-02
0.000E+00 7.907E-02
2.703E-01 3.008E-02
1.000E-01 3.685E-02
1.731E-01 4.000E-01
6.221E-02 1.556E-01
0.000E+00 6.250E-02
1.200E-01 0.000E+00
2.500E-01 2.500E-01
6.061E-01 0.000E+00
0.000E+00 5.161E-02
2.295E-01 0.000E+00
1.082E-01 2.219E-01
7.778E-01 6.667E-02
1.667E-01 0.000E+00
2.222E-01 4.772E-01
1.165E+00 0.000E+00
0.000E+00 6.061E-02
3.333E-01 2.000E+00
2.842E-01 3.868E-01
5.000E-01 9.677E-02
4.194E-01 0.000E+00
3.673E-01 6.713E-01
1.575E+00 7.435E-03
1.207E-02 2.019E-02
1.515E-02 1.406E-01
1.879E-03 1.575E-03
0.000E+00 1.420E-02
0.000E+00 7.749E-03
0.000E+00 1.483E-02
1.304E-01 2.667E-02
3.333E-01 7.463E-02
1.429E-01 0.000E+00
1.667E-01 2.550E-02
4.651E-02 0.000E+00
4.632E-02 9.172E-02
2.985E-01 4.082E-02
2.222E-01 1.000E+00
1.452E-01 2.000E-01
4.898E-01 3.333E-01
0.000E+00 1.575E-02
8.065E-02 0.000E+00
9.450E-02 1.502E-01
1.806E-01 3.704E-02
3.077E-01 0.000E+00
1.429E-01 2.336E-01
5.217E-01 0.000E+00
0.000E+00 1.020E-01
1.111E-01 0.000E+00
2.041E-01 2.042E-01
2.581E-01 1.176E-01
3.000E-01 1.000E+00
1.449E-01 4.262E-01
9.083E-01 0.000E+00
5.236E-03 1.796E-02
1.087E-02 8.333E-02
7.338E-03 7.637E-03
3.704E-02 8.658E-03
0.000E+00 1.875E-02
1.522E-01 2.174E-02
9.756E-02 2.143E-02
0.000E+00 7.907E-02
2.703E-01 3.008E-02
1.000E-01 3.685E-02
1.731E-01 4.000E-01
6.221E-02 1.556E-01
0.000E+00 6.250E-02
1.200E-01 0.000E+00
2.500E-01 2.500E-01
6.061E-01 0.000E+00
0.000E+00 5.161E-02
2.295E-01 0.000E+00
1.082E-01 2.219E-01
7.778E-01 6.667E-02
1.667E-01 0.000E+00
2.222E-01 4.772E-01
1.165E+00 0.000E+00
0.000E+00 6.061E-02
3.333E-01 2.000E+00
2.842E-01 3.868E-01
5.000E-01 9.677E-02
4.194E-01 0.000E+00
3.673E-01 6.713E-01
1.575E+00 7.435E-03
1.207E-02 2.019E-02
1.515E-02 1.406E-01
1.879E-03 1.575E-03
0.000E+00 1.420E-02
0.000E+00 7.749E-03
0.000E+00 1.483E-02
1.304E-01 2.667E-02
3.333E-01 7.463E-02
1.429E-01 0.000E+00
1.667E-01 2.550E-02
4.651E-02 0.000E+00
4.632E-02 9.172E-02
2.985E-01 4.082E-02
2.222E-01 1.000E+00
1.452E-01 2.000E-01
4.898E-01 3.333E-01
0.000E+00 1.575E-02
8.065E-02 0.000E+00
9.450E-02 1.502E-01
1.806E-01 3.704E-02
3.077E-01 0.000E+00
1.429E-01 2.336E-01
5.217E-01 0.000E+00
0.000E+00 1.020E-01
1.111E-01 0.000E+00
2.041E-01 2.042E-01
2.581E-01 1.176E-01
3.000E-01 1.000E+00
1.449E-01 4.262E-01
9.083E-01 0.000E+00
5.236E-03 1.796E-02
1.087E-02 8.333E-02
7.338E-03 7.637E-03
3.704E-02 8.658E-03
0.000E+00 1.875E-02
1.522E-01 2.174E-02
9.756E-02 2.143E-02
0.000E+00 7.907E-02
2.703E-01 3.008E-02
1.000E-01 3.685E-02
1.731E-01 4.000E-01
6.221E-02 1.556E-01
0.000E+00 6.250E-02
1.200E-01 0.000E+00
2.500E-01 2.500E-01
6.061E-01 0.000E+00
0.000E+00 5.161E-02
2.295E-01 0.000E+00
1.082E-01 2.219E-01
7.778E-01 6.667E-02
1.667E-01 0.000E+00
2.222E-01 4.772E-01
1.165E+00 0.000E+00
0.000E+00 6.061E-02
3.333E-01 2.000E+00
2.842E-01 3.868E-01
5.000E-01 9.677E-02
4.194E-01 0.000E+00
3.673E-01 6.713E-01
1.575E+00 7.435E-03
1.207E-02 2.019E-02
1.515E-02 1.406E-01
1.879E-03 1.575E-03
0.000E+00 1.420E-02
0.000E+00 7.749E-03
0.000E+00 1.483E-02
1.304E-01 2.667E-02
3.333E-01 7.463E-02
1.429E-01 0.000E+00
1.667E-01 2.550E-02
4.651E-02 0.000E+00
4.632E-02 9.172E-02
2.985E-01 4.082E-02
2.222E-01 1.000E+00
1.452E-01 2.000E-01
4.898E-01 3.333E-01
0.000E+00 1.575E-02
8.065E-02 0.000E+00
9.450E-02 1.502E-01
1.806E-01 3.704E-02
3.077E-01 0.000E+00
1.429E-01 2.336E-01
5.217E-01 0.000E+00
0.000E+00 1.020E-01
1.111E-01 0.000E+00
2.041E-01 2.042E-01
2.581E-01 1.176E-01
3.000E-01 1.000E+00
1.449E-01 4.262E-01
9.083E-01 0.000E+00
5.236E-03 1.796E-02
1.087E-02 8.333E-02
7.338E-03 7.637E-03
3.704E-02 8.658E-03
0.000E+00 1.875E-02
1.522E-01 2.174E-02
9.756E-02 2.143E-02
0.000E+00 7.907E-02
2.703E-01 3.008E-02
1.000E-01 3.685E-02
1.731E-01 4.000E-01
6.221E-02 1.556E-01
0.000E+00 6.250E-02
1.200E-01 0.000E+00
2.500E-01 2.500E-01
6.061E-01 0.000E+00
0.000E+00 5.161E-02
2.295E-01 0.000E+00
1.082E-01 2.219E-01
7.778E-01 6.667E-02
1.667E-01 0.000E+00
2.222E-01 4.772E-01
1.165E+00 0.000E+00
0.000E+00 6.061E-02
3.333E-01 2.000E+00
2.842E-01 3.868E-01
5.000E-01 9.677E-02
4.194E-01 0.000E+00
3.673E-01 6.713E-01
1.575E+00 7.435E-03
1.207E-02 2.019E-02
1.515E-02 1.406E-01
1.879E-03 1.575E-03
0.000E+00 1.420E-02
0.000E+00 7.749E-03
0.000E+00 1.483E-02
1.304E-01 2.667E-02
3.333E-01 7.463E-02
1.429E-01 0.000E+00
1.667E-01 2.550E-02
4.651E-02 0.000E+00
4.632E-02 9.172E-02
2.985E-01 4.082E-02
2.222E-01 1.000E+00
1.452E-01 2.000E-01
4.898E-01 3.333E-01
0.000E+00 1.575E-02
8.065E-02 0.000E+00
9.450E-02 1.502E-01
1.806E-01 3.704E-02
3.077E-01 0.000E+00
1.429E-01 2.336E-01
5.217E-01 0.000E+00
0.000E+00 1.020E-01
1.111E-01 0.000E+00
2.041E-01 2.042E-01
2.581E-01 1.176E-01
3.000E-01 1.000E+00
1.449E-01 4.262E-01
9.083E-01 0.000E+00
5.236E-03 1.796E-02
1.087E-02 8.333E-02
7.338E-03 7.637E-03
3.704E-02 8.658E-03
0.000E+00 1.875E-02
1.522E-01 2.174E-02
9.756E-02 2.143E-02
0.000E+00 7.907E-02
2.703E-01 3.008E-02
1.000E-01 3.685E-02
1.731E-01 4.000E-01
6.221E-02 1.556E-01
0.000E+00 6.250E-02
1.200E-01 0.000E+00
2.500E-01 2.500E-01
6.061E-01 0.000E+00
0.000E+00 5.161E-02
2.295E-01 0.000E+00
1.082E-01 2.219E-01
7.778E-01 6.667E-02
1.667E-01 0.000E+00
2.222E-01 4.772E-01
1.165E+00 0.000E+00
0.000E+00 6.061E-02
3.333E-01 2.000E+00
2.842E-01 3.868E-01
5.000E-01 9.677E-02
4.194E-01 0.000E+00
3.673E-01 6.713E-01
1.575E+00 7.435E-03
1.207E-02 2.019E-02
1.515E-02 1.406E-01
1.879E-03 1.575E-03
0.000E+00 1.420E-02
0.000E+00 7.749E-03
0.000E+00 1.483E-02
1.304E-01 2.667E-02
3.333E-01 7.463E-02
1.429E-01 0.000E+00
1.667E-01 2.550E-02
4.651E-02 0.000E+00
4.632E-02 9.172E-02
2.985E-01 4.082E-02
2.222E-01 1.000E+00
1.452E-01 2.000E-01
4.898E-01 3.333E-01
0.000E+00 1.575E-02
8.065E-02 0.000E+00
9.450E-02 1.502E-01
1.806E-01 3.704E-02
3.077E-01 0.000E+00
1.429E-01 2.336E-01
5.217E-01 0.000E+00
0.000E+00 1.020E-01
1.111E-01 0.000E+00
2.041E-01 2.042E-01
2.581E-01 1.176E-01
3.000E-01 1.000E+00
1.449E-01 4.262E-01
9.083E-01 0.000E+00
5.236E-03 1.796E-02
1.087E-02 8.333E-02
7.338E-03 7.637E-03
3.704E-02 8.658E-03
0.000E+00 1.875E-02
1.522E-01 2.174E-02
9.756E-02 2.143E-02
0.000E+00 7.907E-02
2.703E-01 3.008E-02
1.000E-01 3.685E-02
1.731E-01 4.000E-01
6.221E-02 1.556E-01
0.000E+00 6.250E-02
1.200E-01 0.000E+00
2.500E-01 2.500E-01
6.061E-01 0.000E+00
0.000E+00 5.161E-02
2.295E-01 0.000E+00
1.082E-01 2.219E-01
7.778E-01 6.667E-02
1.667E-01 0.000E+00
2.222E-01 4.772E-01
1.165E+00 0.000E+00
0.000E+00 6.061E-02
3.333E-01 2.000E+00
2.842E-01 3.868E-01
5.000E-01 9.677E-02
4.194E-01 0.000E+00
3.673E-01 6.713E-01
1.575E+00 7.435E-03
1.207E-02 2.019E-02
1.515E-02 1.406E-01
1.879E-03 1.575E-03
0.000E+00 1.420E-02
0.000E+00 7.749E-03
0.000E+00 1.483E-02
1.304E-01 2.667E-02
3.333E-01 7.463E-02
1.429E-01 0.000E+00
1.667E-01 2.550E-02
4.651E-02 0.000E+00
4.632E-02 9.172E-02
2.985E-01 4.082E-02
2.222E-01 1.000E+00
1.452E-01 2.000E-01
4.898E-01 3.333E-01
0.000E+00 1.575E-02
8.065E-02 0.000E+00
9.450E-02 1.502E-01
1.806E-01 3.704E-02
3.077E-01 0.000E+00
1.429E-01 2.336E-01
5.217E-01 0.000E+00
0.000E+00 1.020E-01
1.111E-01 0.000E+00
2.041E-01 2.042E-01
2.581E-01 1.176E-01
3.000E-01 1.000E+00
1.449E-01 4.262E-01
9.083E-01 0.000E+00
5.236E-03 1.796E-02
1.087E-02 8.333E-02
7.338E-03 7.637E-03
3.704E-02 8.658E-03
0.000E+00 1.875E-02
1.522E-01 2.174E-02
9.756E-02 2.143E-02
0.000E+00 7.907E-02
2.703E-01 3.008E-02
1.000E-01 3.685E-02
1.731E-01 4.000E-01
6.221E-02 1.556E-01
0.000E+00 6.250E-02
1.200E-01 0.000E+00
2.500E-01 2.500E-01
6.061E-01 0.000E+00
0.000E+00 5.161E-02
2.295E-01 0.000E+00
1.082E-01 2.219E-01
7.778E-01 6.667E-02
1.667E-01 0.000E+00
2.222E-01 4.772E-01
1.165E+00 0.000E+00
0.000E+00 6.061E-02
3.333E-01 2.000E+00
2.842E-01 3.868E-01
5.000E-01 9.677E-02
4.194E-01 0.000E+00
3.673E-01 6.713E-01
1.575E+00 7.435E-03
1.207E-02 2.019E-02
1.515E-02 1.406E-01
1.879E-03 1.575E-03
0.000E+00 1.420E-02
0.000E+00 7.749E-03
0.000E+00 1.483E-02
1.304E-01 2.667E-02
3.333E-01 7.463E-02
1.429E-01 0.000E+00
1.667E-01 2.550E-02
4.651E-02 0.000E+00
4.632E-02 9.172E-02
2.985E-01 4.082E-02
2.222E-01 1.000E+00
1.452E-01 2.000E-01
4.898E-01 3.333E-01
0.000E+00 1.575E-02
8.065E-02 0.000E+00
9.450E-02 1.502E-01
1.806E-01 3.704E-02
3.077E-01 0.000E+00
1.429E-01 2.336E-01
5.217E-01 0.000E+00
0.000E+00 1.020E-01
1.111E-01 0.000E+00
2.041E-01 2.042E-01
2.581E-01 1.176E-01
3.000E-01 1.000E+00
1.449E-01 4.262E-01
9.083E-01 0.000E+00
5.236E-03 1.796E-02
1.087E-02 8.333E-02
7.338E-03 7.637E-03
3.704E-02 8.658E-03
0.000E+00 1.875E-02
1.522E-01 2.174E-02
9.756E-02 2.143E-02
0.000E+00 7.907E-02
2.703E-01 3.008E-02
1.000E-01 3.685E-02
1.731E-01 4.000E-01
6.221E-02 1.556E-01
0.000E+00 6.250E-02
1.200E-01 0.000E+00
2.500E-01 2.500E-01
6.061E-01 0.000E+00
0.000E+00 5.161E-02
2.295E-01 0.000E+00
1.082E-01 2.219E-01
7.778E-01 6.667E-02
1.667E-01 0.000E+00
2.222E-01 4.772E-01
1.165E+00 0.000E+00
0.000E+00 6.061E-02
3.333E-01 2.000E+00
2.842E-01 3.868E-01
5.000E-01 9.677E-02
4.194E-01 0.000E+00
3.673E-01 6.713E-01
1.575E+00 7.435E-03
1.207E-02 2.019E-02
1.515E-02 1.406E-01
1.879E-03 1.575E-03
0.000E+00 1.420E-02
0.000E+00 7.749E-03
0.000E+00 1.483E-02
1.304E-01 2.667E-02
3.333E-01 7.463E-02
1.429E-01 0.000E+00
1.667E-01 2.550E-02
4.651E-02 0.000E+00
4.632E-02 9.172E-02
2.985E-01 4.082E-02
2.222E-01 1.000E+00
1.452E-01 2.000E-01
4.898E-01 3.333E-01
0.000E+00 1.575E-02
8.065E-02 0.000E+00
9.450E-02 1.502E-01
1.806E-01 3.704E-02
3.077E-01 0.000E+00
1.429E-01 2.336E-01
5.217E-01 0.000E+00
0.000E+00 1.020E-01
1.111E-01 0.000E+00
2.041E-01 2.042E-01
2.581E-01 1.176E-01
3.000E-01 1.000E+00
1.449E-01 4.262E-01
9.083E-01 0.000E+00
5.236E-03 1.796E-02
1.087E-02 8.333E-02
7.338E-03 7.637E-03
3.704E-02 8.658E-03
0.000E+00 1.875E-02
1.522E-01 2.174E-02
9.756E-02 2.143E-02
0.000E+00 7.907E-02
2.703E-01 3.008E-02
1.000E-01 3.685E-02
1.731E-01 4.000E-01
6.221E-02 1.556E-01
0.000E+00 6.250E-02
1.200E-01 0.000E+00
2.500E-01 2.500E-01
6.061E-01 0.000E+00
0.000E+00 5.161E-02
2.295E-01 0.000E+00
1.082E-01 2.219E-01
7.778E-01 6.667E-02
1.667E-01 0.000E+00
2.222E-01 4.772E-01
1.165E+00 0.000E+00
0.000E+00 6.061E-02
3.333E-01 2.000E+00
2.842E-01 3.868E-01
5.000E-01 9.677E-02
4.194E-01 0.000E+00
3.673E-01 6.713E-01
1.575E+00 7.435E-03
1.207E-02 2.019E-02
1.515E-02 1.406E-01
1.879E-03 1.575E-03
0.000E+00 1.420E-02
0.000E+00 7.749E-03
0.000E+00 1.483E-02
1.304E-01 2.667E-02
3.333E-01 7.463E-02
1.429E-01 0.000E+00
1.667E-01 2.550E-02
4.651E-02 0.000E+00
4.632E-02 9.172E-02
2.985E-01 4.082E-02
2.222E-01 1.000E+00
1.452E-01 2.000E-01
4.898E-01 3.333E-01
0.000E+00 1.575E-02
8.065E-02 0.000E+00
9.450E-02 1.502E-01
1.806E-01 3.704E-02
3.077E-01 0.000E+00
1.429E-01 2.336E-01
5.217E-01 0.000E+00
0.000E+00 1.020E-01
1.111E-01 0.000E+00
2.041E-01 2.042E-01
2.581E-01 1.176E-01
3.000E-01 1.000E+00
1.449E-01 4.262E-01
9.083E-01 0.000E+00
5.236E-03 1.796E-02
1.087E-02 8.333E-02
