1.924E-03 7.987E-03
1.429E-01 7.067E-03
9.091E-02 1.481E-02
0.000E+00 3.596E-02
0.000E+00 0.000E+00
3.333E-01 4.651E-02
1.250E-01 3.659E-02
0.000E+00 4.323E-02
6.250E-02 0.000E+00
7.509E-02 1.735E-01
0.000E+00 0.000E+00
3.077E-01 0.000E+00
2.000E-01 2.891E-01
6.071E-01 0.000E+00
0.000E+00 1.231E-01
1.250E-01 0.000E+00
1.478E-01 2.037E-01
1.000E+00 1.579E-01
1.538E-01 0.000E+00
2.642E-01 6.763E-01
2.182E+00 0.000E+00
0.000E+00 3.750E-01
7.500E-01 0.000E+00
1.304E-01 7.143E-01
4.000E+00 3.333E-01
2.000E-01 0.000E+00
8.333E-01 7.397E-01
2.698E+00 0.000E+00
9.186E-03 2.051E-02
4.274E-02 9.677E-02
1.879E-03 1.575E-03
0.000E+00 1.420E-02
0.000E+00 7.749E-03
0.000E+00 1.483E-02
1.304E-01 2.667E-02
3.333E-01 7.463E-02
1.429E-01 0.000E+00
1.667E-01 2.550E-02
4.651E-02 0.000E+00
4.632E-02 9.172E-02
2.985E-01 4.082E-02
2.222E-01 1.000E+00
1.452E-01 2.000E-01
4.898E-01 3.333E-01
0.000E+00 1.575E-02
8.065E-02 0.000E+00
9.450E-02 1.502E-01
1.806E-01 3.704E-02
3.077E-01 0.000E+00
1.429E-01 2.336E-01
5.217E-01 0.000E+00
0.000E+00 1.020E-01
1.111E-01 0.000E+00
2.041E-01 2.042E-01
2.581E-01 1.176E-01
3.000E-01 1.000E+00
1.449E-01 4.262E-01
9.083E-01 0.000E+00
5.236E-03 1.796E-02
1.087E-02 8.333E-02
1.924E-03 7.987E-03
1.429E-01 7.067E-03
9.091E-02 1.481E-02
0.000E+00 3.596E-02
0.000E+00 0.000E+00
3.333E-01 4.651E-02
1.250E-01 3.659E-02
0.000E+00 4.323E-02
6.250E-02 0.000E+00
7.509E-02 1.735E-01
0.000E+00 0.000E+00
3.077E-01 0.000E+00
2.000E-01 2.891E-01
6.071E-01 0.000E+00
0.000E+00 1.231E-01
1.250E-01 0.000E+00
1.478E-01 2.037E-01
1.000E+00 1.579E-01
1.538E-01 0.000E+00
2.642E-01 6.763E-01
2.182E+00 0.000E+00
0.000E+00 3.750E-01
7.500E-01 0.000E+00
1.304E-01 7.143E-01
4.000E+00 3.333E-01
2.000E-01 0.000E+00
8.333E-01 7.397E-01
2.698E+00 0.000E+00
9.186E-03 2.051E-02
4.274E-02 9.677E-02
1.879E-03 1.575E-03
0.000E+00 1.420E-02
0.000E+00 7.749E-03
0.000E+00 1.483E-02
1.304E-01 2.667E-02
3.333E-01 7.463E-02
1.429E-01 0.000E+00
1.667E-01 2.550E-02
4.651E-02 0.000E+00
4.632E-02 9.172E-02
2.985E-01 4.082E-02
2.222E-01 1.000E+00
1.452E-01 2.000E-01
4.898E-01 3.333E-01
0.000E+00 1.575E-02
8.065E-02 0.000E+00
9.450E-02 1.502E-01
1.806E-01 3.704E-02
3.077E-01 0.000E+00
1.429E-01 2.336E-01
5.217E-01 0.000E+00
0.000E+00 1.020E-01
1.111E-01 0.000E+00
2.041E-01 2.042E-01
2.581E-01 1.176E-01
3.000E-01 1.000E+00
1.449E-01 4.262E-01
9.083E-01 0.000E+00
5.236E-03 1.796E-02
1.087E-02 8.333E-02
1.924E-03 7.987E-03
1.429E-01 7.067E-03
9.091E-02 1.481E-02
0.000E+00 3.596E-02
0.000E+00 0.000E+00
3.333E-01 4.651E-02
1.250E-01 3.659E-02
0.000E+00 4.323E-02
6.250E-02 0.000E+00
7.509E-02 1.735E-01
0.000E+00 0.000E+00
3.077E-01 0.000E+00
2.000E-01 2.891E-01
6.071E-01 0.000E+00
0.000E+00 1.231E-01
1.250E-01 0.000E+00
1.478E-01 2.037E-01
1.000E+00 1.579E-01
1.538E-01 0.000E+00
2.642E-01 6.763E-01
2.182E+00 0.000E+00
0.000E+00 3.750E-01
7.500E-01 0.000E+00
1.304E-01 7.143E-01
4.000E+00 3.333E-01
2.000E-01 0.000E+00
8.333E-01 7.397E-01
2.698E+00 0.000E+00
9.186E-03 2.051E-02
4.274E-02 9.677E-02
1.879E-03 1.575E-03
0.000E+00 1.420E-02
0.000E+00 7.749E-03
0.000E+00 1.483E-02
1.304E-01 2.667E-02
3.333E-01 7.463E-02
1.429E-01 0.000E+00
1.667E-01 2.550E-02
4.651E-02 0.000E+00
4.632E-02 9.172E-02
2.985E-01 4.082E-02
2.222E-01 1.000E+00
1.452E-01 2.000E-01
4.898E-01 3.333E-01
0.000E+00 1.575E-02
8.065E-02 0.000E+00
9.450E-02 1.502E-01
1.806E-01 3.704E-02
3.077E-01 0.000E+00
1.429E-01 2.336E-01
5.217E-01 0.000E+00
0.000E+00 1.020E-01
1.111E-01 0.000E+00
2.041E-01 2.042E-01
2.581E-01 1.176E-01
3.000E-01 1.000E+00
1.449E-01 4.262E-01
9.083E-01 0.000E+00
5.236E-03 1.796E-02
1.087E-02 8.333E-02
1.924E-03 7.987E-03
1.429E-01 7.067E-03
9.091E-02 1.481E-02
0.000E+00 3.596E-02
0.000E+00 0.000E+00
3.333E-01 4.651E-02
1.250E-01 3.659E-02
0.000E+00 4.323E-02
6.250E-02 0.000E+00
7.509E-02 1.735E-01
0.000E+00 0.000E+00
3.077E-01 0.000E+00
2.000E-01 2.891E-01
6.071E-01 0.000E+00
0.000E+00 1.231E-01
1.250E-01 0.000E+00
1.478E-01 2.037E-01
1.000E+00 1.579E-01
1.538E-01 0.000E+00
2.642E-01 6.763E-01
2.182E+00 0.000E+00
0.000E+00 3.750E-01
7.500E-01 0.000E+00
1.304E-01 7.143E-01
4.000E+00 3.333E-01
2.000E-01 0.000E+00
8.333E-01 7.397E-01
2.698E+00 0.000E+00
9.186E-03 2.051E-02
4.274E-02 9.677E-02
1.879E-03 1.575E-03
0.000E+00 1.420E-02
0.000E+00 7.749E-03
0.000E+00 1.483E-02
1.304E-01 2.667E-02
3.333E-01 7.463E-02
1.429E-01 0.000E+00
1.667E-01 2.550E-02
4.651E-02 0.000E+00
4.632E-02 9.172E-02
2.985E-01 4.082E-02
2.222E-01 1.000E+00
1.452E-01 2.000E-01
4.898E-01 3.333E-01
0.000E+00 1.575E-02
8.065E-02 0.000E+00
9.450E-02 1.502E-01
1.806E-01 3.704E-02
3.077E-01 0.000E+00
1.429E-01 2.336E-01
5.217E-01 0.000E+00
0.000E+00 1.020E-01
1.111E-01 0.000E+00
2.041E-01 2.042E-01
2.581E-01 1.176E-01
3.000E-01 1.000E+00
1.449E-01 4.262E-01
9.083E-01 0.000E+00
5.236E-03 1.796E-02
1.087E-02 8.333E-02
1.924E-03 7.987E-03
1.429E-01 7.067E-03
9.091E-02 1.481E-02
0.000E+00 3.596E-02
0.000E+00 0.000E+00
3.333E-01 4.651E-02
1.250E-01 3.659E-02
0.000E+00 4.323E-02
6.250E-02 0.000E+00
7.509E-02 1.735E-01
0.000E+00 0.000E+00
3.077E-01 0.000E+00
2.000E-01 2.891E-01
6.071E-01 0.000E+00
0.000E+00 1.231E-01
1.250E-01 0.000E+00
1.478E-01 2.037E-01
1.000E+00 1.579E-01
1.538E-01 0.000E+00
2.642E-01 6.763E-01
2.182E+00 0.000E+00
0.000E+00 3.750E-01
7.500E-01 0.000E+00
1.304E-01 7.143E-01
4.000E+00 3.333E-01
2.000E-01 0.000E+00
8.333E-01 7.397E-01
2.698E+00 0.000E+00
9.186E-03 2.051E-02
4.274E-02 9.677E-02
1.879E-03 1.575E-03
0.000E+00 1.420E-02
0.000E+00 7.749E-03
0.000E+00 1.483E-02
1.304E-01 2.667E-02
3.333E-01 7.463E-02
1.429E-01 0.000E+00
1.667E-01 2.550E-02
4.651E-02 0.000E+00
4.632E-02 9.172E-02
2.985E-01 4.082E-02
2.222E-01 1.000E+00
1.452E-01 2.000E-01
4.898E-01 3.333E-01
0.000E+00 1.575E-02
8.065E-02 0.000E+00
9.450E-02 1.502E-01
1.806E-01 3.704E-02
3.077E-01 0.000E+00
1.429E-01 2.336E-01
5.217E-01 0.000E+00
0.000E+00 1.020E-01
1.111E-01 0.000E+00
2.041E-01 2.042E-01
2.581E-01 1.176E-01
3.000E-01 1.000E+00
1.449E-01 4.262E-01
9.083E-01 0.000E+00
5.236E-03 1.796E-02
1.087E-02 8.333E-02
1.924E-03 7.987E-03
1.429E-01 7.067E-03
9.091E-02 1.481E-02
0.000E+00 3.596E-02
0.000E+00 0.000E+00
3.333E-01 4.651E-02
1.250E-01 3.659E-02
0.000E+00 4.323E-02
6.250E-02 0.000E+00
7.509E-02 1.735E-01
0.000E+00 0.000E+00
3.077E-01 0.000E+00
2.000E-01 2.891E-01
6.071E-01 0.000E+00
0.000E+00 1.231E-01
1.250E-01 0.000E+00
1.478E-01 2.037E-01
1.000E+00 1.579E-01
1.538E-01 0.000E+00
2.642E-01 6.763E-01
2.182E+00 0.000E+00
0.000E+00 3.750E-01
7.500E-01 0.000E+00
1.304E-01 7.143E-01
4.000E+00 3.333E-01
2.000E-01 0.000E+00
8.333E-01 7.397E-01
2.698E+00 0.000E+00
9.186E-03 2.051E-02
4.274E-02 9.677E-02
1.879E-03 1.575E-03
0.000E+00 1.420E-02
0.000E+00 7.749E-03
0.000E+00 1.483E-02
1.304E-01 2.667E-02
3.333E-01 7.463E-02
1.429E-01 0.000E+00
1.667E-01 2.550E-02
4.651E-02 0.000E+00
4.632E-02 9.172E-02
2.985E-01 4.082E-02
2.222E-01 1.000E+00
1.452E-01 2.000E-01
4.898E-01 3.333E-01
0.000E+00 1.575E-02
8.065E-02 0.000E+00
9.450E-02 1.502E-01
1.806E-01 3.704E-02
3.077E-01 0.000E+00
1.429E-01 2.336E-01
5.217E-01 0.000E+00
0.000E+00 1.020E-01
1.111E-01 0.000E+00
2.041E-01 2.042E-01
2.581E-01 1.176E-01
3.000E-01 1.000E+00
1.449E-01 4.262E-01
9.083E-01 0.000E+00
5.236E-03 1.796E-02
1.087E-02 8.333E-02
1.924E-03 7.987E-03
1.429E-01 7.067E-03
9.091E-02 1.481E-02
0.000E+00 3.596E-02
0.000E+00 0.000E+00
3.333E-01 4.651E-02
1.250E-01 3.659E-02
0.000E+00 4.323E-02
6.250E-02 0.000E+00
7.509E-02 1.735E-01
0.000E+00 0.000E+00
3.077E-01 0.000E+00
2.000E-01 2.891E-01
6.071E-01 0.000E+00
0.000E+00 1.231E-01
1.250E-01 0.000E+00
1.478E-01 2.037E-01
1.000E+00 1.579E-01
1.538E-01 0.000E+00
2.642E-01 6.763E-01
2.182E+00 0.000E+00
0.000E+00 3.750E-01
7.500E-01 0.000E+00
1.304E-01 7.143E-01
4.000E+00 3.333E-01
2.000E-01 0.000E+00
8.333E-01 7.397E-01
2.698E+00 0.000E+00
9.186E-03 2.051E-02
4.274E-02 9.677E-02
1.879E-03 1.575E-03
0.000E+00 1.420E-02
0.000E+00 7.749E-03
0.000E+00 1.483E-02
1.304E-01 2.667E-02
3.333E-01 7.463E-02
1.429E-01 0.000E+00
1.667E-01 2.550E-02
4.651E-02 0.000E+00
4.632E-02 9.172E-02
2.985E-01 4.082E-02
2.222E-01 1.000E+00
1.452E-01 2.000E-01
4.898E-01 3.333E-01
0.000E+00 1.575E-02
8.065E-02 0.000E+00
9.450E-02 1.502E-01
1.806E-01 3.704E-02
3.077E-01 0.000E+00
1.429E-01 2.336E-01
5.217E-01 0.000E+00
0.000E+00 1.020E-01
1.111E-01 0.000E+00
2.041E-01 2.042E-01
2.581E-01 1.176E-01
3.000E-01 1.000E+00
1.449E-01 4.262E-01
9.083E-01 0.000E+00
5.236E-03 1.796E-02
1.087E-02 8.333E-02
1.924E-03 7.987E-03
1.429E-01 7.067E-03
9.091E-02 1.481E-02
0.000E+00 3.596E-02
0.000E+00 0.000E+00
3.333E-01 4.651E-02
1.250E-01 3.659E-02
0.000E+00 4.323E-02
6.250E-02 0.000E+00
7.509E-02 1.735E-01
0.000E+00 0.000E+00
3.077E-01 0.000E+00
2.000E-01 2.891E-01
6.071E-01 0.000E+00
0.000E+00 1.231E-01
1.250E-01 0.000E+00
1.478E-01 2.037E-01
1.000E+00 1.579E-01
1.538E-01 0.000E+00
2.642E-01 6.763E-01
2.182E+00 0.000E+00
0.000E+00 3.750E-01
7.500E-01 0.000E+00
1.304E-01 7.143E-01
4.000E+00 3.333E-01
2.000E-01 0.000E+00
8.333E-01 7.397E-01
2.698E+00 0.000E+00
9.186E-03 2.051E-02
4.274E-02 9.677E-02
1.879E-03 1.575E-03
0.000E+00 1.420E-02
0.000E+00 7.749E-03
0.000E+00 1.483E-02
1.304E-01 2.667E-02
3.333E-01 7.463E-02
1.429E-01 0.000E+00
1.667E-01 2.550E-02
4.651E-02 0.000E+00
4.632E-02 9.172E-02
2.985E-01 4.082E-02
2.222E-01 1.000E+00
1.452E-01 2.000E-01
4.898E-01 3.333E-01
0.000E+00 1.575E-02
8.065E-02 0.000E+00
9.450E-02 1.502E-01
1.806E-01 3.704E-02
3.077E-01 0.000E+00
1.429E-01 2.336E-01
5.217E-01 0.000E+00
0.000E+00 1.020E-01
1.111E-01 0.000E+00
2.041E-01 2.042E-01
2.581E-01 1.176E-01
3.000E-01 1.000E+00
1.449E-01 4.262E-01
9.083E-01 0.000E+00
5.236E-03 1.796E-02
1.087E-02 8.333E-02
1.924E-03 7.987E-03
1.429E-01 7.067E-03
9.091E-02 1.481E-02
0.000E+00 3.596E-02
0.000E+00 0.000E+00
3.333E-01 4.651E-02
1.250E-01 3.659E-02
0.000E+00 4.323E-02
6.250E-02 0.000E+00
7.509E-02 1.735E-01
0.000E+00 0.000E+00
3.077E-01 0.000E+00
2.000E-01 2.891E-01
6.071E-01 0.000E+00
0.000E+00 1.231E-01
1.250E-01 0.000E+00
1.478E-01 2.037E-01
1.000E+00 1.579E-01
1.538E-01 0.000E+00
2.642E-01 6.763E-01
2.182E+00 0.000E+00
0.000E+00 3.750E-01
7.500E-01 0.000E+00
1.304E-01 7.143E-01
4.000E+00 3.333E-01
2.000E-01 0.000E+00
8.333E-01 7.397E-01
2.698E+00 0.000E+00
9.186E-03 2.051E-02
4.274E-02 9.677E-02
1.879E-03 1.575E-03
0.000E+00 1.420E-02
0.000E+00 7.749E-03
0.000E+00 1.483E-02
1.304E-01 2.667E-02
3.333E-01 7.463E-02
1.429E-01 0.000E+00
1.667E-01 2.550E-02
4.651E-02 0.000E+00
4.632E-02 9.172E-02
2.985E-01 4.082E-02
2.222E-01 1.000E+00
1.452E-01 2.000E-01
4.898E-01 3.333E-01
0.000E+00 1.575E-02
8.065E-02 0.000E+00
9.450E-02 1.502E-01
1.806E-01 3.704E-02
3.077E-01 0.000E+00
1.429E-01 2.336E-01
5.217E-01 0.000E+00
0.000E+00 1.020E-01
1.111E-01 0.000E+00
2.041E-01 2.042E-01
2.581E-01 1.176E-01
3.000E-01 1.000E+00
1.449E-01 4.262E-01
9.083E-01 0.000E+00
5.236E-03 1.796E-02
1.087E-02 8.333E-02
1.924E-03 7.987E-03
1.429E-01 7.067E-03
9.091E-02 1.481E-02
0.000E+00 3.596E-02
0.000E+00 0.000E+00
3.333E-01 4.651E-02
1.250E-01 3.659E-02
0.000E+00 4.323E-02
6.250E-02 0.000E+00
7.509E-02 1.735E-01
0.000E+00 0.000E+00
3.077E-01 0.000E+00
2.000E-01 2.891E-01
6.071E-01 0.000E+00
0.000E+00 1.231E-01
1.250E-01 0.000E+00
1.478E-01 2.037E-01
1.000E+00 1.579E-01
1.538E-01 0.000E+00
2.642E-01 6.763E-01
2.182E+00 0.000E+00
0.000E+00 3.750E-01
7.500E-01 0.000E+00
1.304E-01 7.143E-01
4.000E+00 3.333E-01
2.000E-01 0.000E+00
8.333E-01 7.397E-01
2.698E+00 0.000E+00
9.186E-03 2.051E-02
4.274E-02 9.677E-02
1.879E-03 1.575E-03
0.000E+00 1.420E-02
0.000E+00 7.749E-03
0.000E+00 1.483E-02
1.304E-01 2.667E-02
3.333E-01 7.463E-02
1.429E-01 0.000E+00
1.667E-01 2.550E-02
4.651E-02 0.000E+00
4.632E-02 9.172E-02
2.985E-01 4.082E-02
2.222E-01 1.000E+00
1.452E-01 2.000E-01
4.898E-01 3.333E-01
0.000E+00 1.575E-02
8.065E-02 0.000E+00
9.450E-02 1.502E-01
1.806E-01 3.704E-02
3.077E-01 0.000E+00
1.429E-01 2.336E-01
5.217E-01 0.000E+00
0.000E+00 1.020E-01
1.111E-01 0.000E+00
2.041E-01 2.042E-01
2.581E-01 1.176E-01
3.000E-01 1.000E+00
1.449E-01 4.262E-01
9.083E-01 0.000E+00
5.236E-03 1.796E-02
1.087E-02 8.333E-02
1.924E-03 7.987E-03
1.429E-01 7.067E-03
9.091E-02 1.481E-02
0.000E+00 3.596E-02
0.000E+00 0.000E+00
3.333E-01 4.651E-02
1.250E-01 3.659E-02
0.000E+00 4.323E-02
6.250E-02 0.000E+00
7.509E-02 1.735E-01
0.000E+00 0.000E+00
3.077E-01 0.000E+00
2.000E-01 2.891E-01
6.071E-01 0.000E+00
0.000E+00 1.231E-01
1.250E-01 0.000E+00
1.478E-01 2.037E-01
1.000E+00 1.579E-01
1.538E-01 0.000E+00
2.642E-01 6.763E-01
2.182E+00 0.000E+00
0.000E+00 3.750E-01
7.500E-01 0.000E+00
1.304E-01 7.143E-01
4.000E+00 3.333E-01
2.000E-01 0.000E+00
8.333E-01 7.397E-01
2.698E+00 0.000E+00
9.186E-03 2.051E-02
4.274E-02 9.677E-02
1.879E-03 1.575E-03
0.000E+00 1.420E-02
0.000E+00 7.749E-03
0.000E+00 1.483E-02
1.304E-01 2.667E-02
3.333E-01 7.463E-02
1.429E-01 0.000E+00
1.667E-01 2.550E-02
4.651E-02 0.000E+00
4.632E-02 9.172E-02
2.985E-01 4.082E-02
2.222E-01 1.000E+00
1.452E-01 2.000E-01
4.898E-01 3.333E-01
0.000E+00 1.575E-02
8.065E-02 0.000E+00
9.450E-02 1.502E-01
1.806E-01 3.704E-02
3.077E-01 0.000E+00
1.429E-01 2.336E-01
5.217E-01 0.000E+00
0.000E+00 1.020E-01
1.111E-01 0.000E+00
2.041E-01 2.042E-01
2.581E-01 1.176E-01
3.000E-01 1.000E+00
1.449E-01 4.262E-01
9.083E-01 0.000E+00
5.236E-03 1.796E-02
1.087E-02 8.333E-02
1.924E-03 7.987E-03
1.429E-01 7.067E-03
9.091E-02 1.481E-02
0.000E+00 3.596E-02
0.000E+00 0.000E+00
3.333E-01 4.651E-02
1.250E-01 3.659E-02
0.000E+00 4.323E-02
6.250E-02 0.000E+00
7.509E-02 1.735E-01
0.000E+00 0.000E+00
3.077E-01 0.000E+00
2.000E-01 2.891E-01
6.071E-01 0.000E+00
0.000E+00 1.231E-01
1.250E-01 0.000E+00
1.478E-01 2.037E-01
1.000E+00 1.579E-01
1.538E-01 0.000E+00
2.642E-01 6.763E-01
2.182E+00 0.000E+00
0.000E+00 3.750E-01
7.500E-01 0.000E+00
1.304E-01 7.143E-01
4.000E+00 3.333E-01
2.000E-01 0.000E+00
8.333E-01 7.397E-01
2.698E+00 0.000E+00
9.186E-03 2.051E-02
4.274E-02 9.677E-02
1.879E-03 1.575E-03
0.000E+00 1.420E-02
0.000E+00 7.749E-03
0.000E+00 1.483E-02
1.304E-01 2.667E-02
3.333E-01 7.463E-02
1.429E-01 0.000E+00
1.667E-01 2.550E-02
4.651E-02 0.000E+00
4.632E-02 9.172E-02
2.985E-01 4.082E-02
2.222E-01 1.000E+00
1.452E-01 2.000E-01
4.898E-01 3.333E-01
0.000E+00 1.575E-02
8.065E-02 0.000E+00
9.450E-02 1.502E-01
1.806E-01 3.704E-02
3.077E-01 0.000E+00
1.429E-01 2.336E-01
5.217E-01 0.000E+00
0.000E+00 1.020E-01
1.111E-01 0.000E+00
2.041E-01 2.042E-01
2.581E-01 1.176E-01
3.000E-01 1.000E+00
1.449E-01 4.262E-01
9.083E-01 0.000E+00
5.236E-03 1.796E-02
1.087E-02 8.333E-02
1.924E-03 7.987E-03
1.429E-01 7.067E-03
9.091E-02 1.481E-02
0.000E+00 3.596E-02
0.000E+00 0.000E+00
3.333E-01 4.651E-02
1.250E-01 3.659E-02
0.000E+00 4.323E-02
6.250E-02 0.000E+00
7.509E-02 1.735E-01
0.000E+00 0.000E+00
3.077E-01 0.000E+00
2.000E-01 2.891E-01
6.071E-01 0.000E+00
0.000E+00 1.231E-01
1.250E-01 0.000E+00
1.478E-01 2.037E-01
1.000E+00 1.579E-01
1.538E-01 0.000E+00
2.642E-01 6.763E-01
2.182E+00 0.000E+00
0.000E+00 3.750E-01
7.500E-01 0.000E+00
1.304E-01 7.143E-01
4.000E+00 3.333E-01
2.000E-01 0.000E+00
8.333E-01 7.397E-01
2.698E+00 0.000E+00
9.186E-03 2.051E-02
4.274E-02 9.677E-02
1.879E-03 1.575E-03
0.000E+00 1.420E-02
0.000E+00 7.749E-03
0.000E+00 1.483E-02
1.304E-01 2.667E-02
3.333E-01 7.463E-02
1.429E-01 0.000E+00
1.667E-01 2.550E-02
4.651E-02 0.000E+00
4.632E-02 9.172E-02
2.985E-01 4.082E-02
2.222E-01 1.000E+00
1.452E-01 2.000E-01
4.898E-01 3.333E-01
0.000E+00 1.575E-02
8.065E-02 0.000E+00
9.450E-02 1.502E-01
1.806E-01 3.704E-02
3.077E-01 0.000E+00
1.429E-01 2.336E-01
5.217E-01 0.000E+00
0.000E+00 1.020E-01
1.111E-01 0.000E+00
2.041E-01 2.042E-01
2.581E-01 1.176E-01
3.000E-01 1.000E+00
1.449E-01 4.262E-01
9.083E-01 0.000E+00
5.236E-03 1.796E-02
1.087E-02 8.333E-02
1.924E-03 7.987E-03
1.429E-01 7.067E-03
9.091E-02 1.481E-02
0.000E+00 3.596E-02
0.000E+00 0.000E+00
3.333E-01 4.651E-02
1.250E-01 3.659E-02
0.000E+00 4.323E-02
6.250E-02 0.000E+00
7.509E-02 1.735E-01
0.000E+00 0.000E+00
3.077E-01 0.000E+00
2.000E-01 2.891E-01
6.071E-01 0.000E+00
0.000E+00 1.231E-01
1.250E-01 0.000E+00
1.478E-01 2.037E-01
1.000E+00 1.579E-01
1.538E-01 0.000E+00
2.642E-01 6.763E-01
2.182E+00 0.000E+00
0.000E+00 3.750E-01
7.500E-01 0.000E+00
1.304E-01 7.143E-01
4.000E+00 3.333E-01
2.000E-01 0.000E+00
8.333E-01 7.397E-01
2.698E+00 0.000E+00
9.186E-03 2.051E-02
4.274E-02 9.677E-02
1.879E-03 1.575E-03
0.000E+00 1.420E-02
0.000E+00 7.749E-03
0.000E+00 1.483E-02
1.304E-01 2.667E-02
3.333E-01 7.463E-02
1.429E-01 0.000E+00
1.667E-01 2.550E-02
4.651E-02 0.000E+00
4.632E-02 9.172E-02
2.985E-01 4.082E-02
2.222E-01 1.000E+00
1.452E-01 2.000E-01
4.898E-01 3.333E-01
0.000E+00 1.575E-02
8.065E-02 0.000E+00
9.450E-02 1.502E-01
1.806E-01 3.704E-02
3.077E-01 0.000E+00
1.429E-01 2.336E-01
5.217E-01 0.000E+00
0.000E+00 1.020E-01
1.111E-01 0.000E+00
2.041E-01 2.042E-01
2.581E-01 1.176E-01
3.000E-01 1.000E+00
1.449E-01 4.262E-01
9.083E-01 0.000E+00
5.236E-03 1.796E-02
1.087E-02 8.333E-02
1.924E-03 7.987E-03
1.429E-01 7.067E-03
9.091E-02 1.481E-02
0.000E+00 3.596E-02
0.000E+00 0.000E+00
3.333E-01 4.651E-02
1.250E-01 3.659E-02
0.000E+00 4.323E-02
6.250E-02 0.000E+00
7.509E-02 1.735E-01
0.000E+00 0.000E+00
3.077E-01 0.000E+00
2.000E-01 2.891E-01
6.071E-01 0.000E+00
0.000E+00 1.231E-01
1.250E-01 0.000E+00
1.478E-01 2.037E-01
1.000E+00 1.579E-01
1.538E-01 0.000E+00
2.642E-01 6.763E-01
2.182E+00 0.000E+00
0.000E+00 3.750E-01
7.500E-01 0.000E+00
1.304E-01 7.143E-01
4.000E+00 3.333E-01
2.000E-01 0.000E+00
8.333E-01 7.397E-01
2.698E+00 0.000E+00
9.186E-03 2.051E-02
4.274E-02 9.677E-02
1.879E-03 1.575E-03
0.000E+00 1.420E-02
0.000E+00 7.749E-03
0.000E+00 1.483E-02
1.304E-01 2.667E-02
3.333E-01 7.463E-02
1.429E-01 0.000E+00
1.667E-01 2.550E-02
4.651E-02 0.000E+00
4.632E-02 9.172E-02
2.985E-01 4.082E-02
2.222E-01 1.000E+00
1.452E-01 2.000E-01
4.898E-01 3.333E-01
0.000E+00 1.575E-02
8.065E-02 0.000E+00
9.450E-02 1.502E-01
1.806E-01 3.704E-02
3.077E-01 0.000E+00
1.429E-01 2.336E-01
5.217E-01 0.000E+00
0.000E+00 1.020E-01
1.111E-01 0.000E+00
2.041E-01 2.042E-01
2.581E-01 1.176E-01
3.000E-01 1.000E+00
1.449E-01 4.262E-01
9.083E-01 0.000E+00
5.236E-03 1.796E-02
1.087E-02 8.333E-02
1.924E-03 7.987E-03
1.429E-01 7.067E-03
9.091E-02 1.481E-02
0.000E+00 3.596E-02
0.000E+00 0.000E+00
3.333E-01 4.651E-02
1.250E-01 3.659E-02
0.000E+00 4.323E-02
6.250E-02 0.000E+00
7.509E-02 1.735E-01
0.000E+00 0.000E+00
3.077E-01 0.000E+00
2.000E-01 2.891E-01
6.071E-01 0.000E+00
0.000E+00 1.231E-01
1.250E-01 0.000E+00
1.478E-01 2.037E-01
1.000E+00 1.579E-01
1.538E-01 0.000E+00
2.642E-01 6.763E-01
2.182E+00 0.000E+00
0.000E+00 3.750E-01
7.500E-01 0.000E+00
1.304E-01 7.143E-01
4.000E+00 3.333E-01
2.000E-01 0.000E+00
8.333E-01 7.397E-01
2.698E+00 0.000E+00
9.186E-03 2.051E-02
4.274E-02 9.677E-02
1.879E-03 1.575E-03
0.000E+00 1.420E-02
0.000E+00 7.749E-03
0.000E+00 1.483E-02
1.304E-01 2.667E-02
3.333E-01 7.463E-02
1.429E-01 0.000E+00
1.667E-01 2.550E-02
4.651E-02 0.000E+00
4.632E-02 9.172E-02
2.985E-01 4.082E-02
2.222E-01 1.000E+00
1.452E-01 2.000E-01
4.898E-01 3.333E-01
0.000E+00 1.575E-02
8.065E-02 0.000E+00
9.450E-02 1.502E-01
1.806E-01 3.704E-02
3.077E-01 0.000E+00
1.429E-01 2.336E-01
5.217E-01 0.000E+00
0.000E+00 1.020E-01
1.111E-01 0.000E+00
2.041E-01 2.042E-01
2.581E-01 1.176E-01
3.000E-01 1.000E+00
1.449E-01 4.262E-01
9.083E-01 0.000E+00
5.236E-03 1.796E-02
1.087E-02 8.333E-02
1.924E-03 7.987E-03
1.429E-01 7.067E-03
9.091E-02 1.481E-02
0.000E+00 3.596E-02
0.000E+00 0.000E+00
3.333E-01 4.651E-02
1.250E-01 3.659E-02
0.000E+00 4.323E-02
6.250E-02 0.000E+00
7.509E-02 1.735E-01
0.000E+00 0.000E+00
3.077E-01 0.000E+00
2.000E-01 2.891E-01
6.071E-01 0.000E+00
0.000E+00 1.231E-01
1.250E-01 0.000E+00
1.478E-01 2.037E-01
1.000E+00 1.579E-01
1.538E-01 0.000E+00
2.642E-01 6.763E-01
2.182E+00 0.000E+00
0.000E+00 3.750E-01
7.500E-01 0.000E+00
1.304E-01 7.143E-01
4.000E+00 3.333E-01
2.000E-01 0.000E+00
8.333E-01 7.397E-01
2.698E+00 0.000E+00
9.186E-03 2.051E-02
4.274E-02 9.677E-02
1.879E-03 1.575E-03
0.000E+00 1.420E-02
0.000E+00 7.749E-03
0.000E+00 1.483E-02
1.304E-01 2.667E-02
3.333E-01 7.463E-02
1.429E-01 0.000E+00
1.667E-01 2.550E-02
4.651E-02 0.000E+00
4.632E-02 9.172E-02
2.985E-01 4.082E-02
2.222E-01 1.000E+00
1.452E-01 2.000E-01
4.898E-01 3.333E-01
0.000E+00 1.575E-02
8.065E-02 0.000E+00
9.450E-02 1.502E-01
1.806E-01 3.704E-02
3.077E-01 0.000E+00
1.429E-01 2.336E-01
5.217E-01 0.000E+00
0.000E+00 1.020E-01
1.111E-01 0.000E+00
2.041E-01 2.042E-01
2.581E-01 1.176E-01
3.000E-01 1.000E+00
1.449E-01 4.262E-01
9.083E-01 0.000E+00
5.236E-03 1.796E-02
1.087E-02 8.333E-02
1.924E-03 7.987E-03
1.429E-01 7.067E-03
9.091E-02 1.481E-02
0.000E+00 3.596E-02
0.000E+00 0.000E+00
3.333E-01 4.651E-02
1.250E-01 3.659E-02
0.000E+00 4.323E-02
6.250E-02 0.000E+00
7.509E-02 1.735E-01
0.000E+00 0.000E+00
3.077E-01 0.000E+00
2.000E-01 2.891E-01
6.071E-01 0.000E+00
0.000E+00 1.231E-01
1.250E-01 0.000E+00
1.478E-01 2.037E-01
1.000E+00 1.579E-01
1.538E-01 0.000E+00
2.642E-01 6.763E-01
2.182E+00 0.000E+00
0.000E+00 3.750E-01
7.500E-01 0.000E+00
1.304E-01 7.143E-01
4.000E+00 3.333E-01
2.000E-01 0.000E+00
8.333E-01 7.397E-01
2.698E+00 0.000E+00
9.186E-03 2.051E-02
4.274E-02 9.677E-02
1.879E-03 1.575E-03
0.000E+00 1.420E-02
0.000E+00 7.749E-03
0.000E+00 1.483E-02
1.304E-01 2.667E-02
3.333E-01 7.463E-02
1.429E-01 0.000E+00
1.667E-01 2.550E-02
4.651E-02 0.000E+00
4.632E-02 9.172E-02
2.985E-01 4.082E-02
2.222E-01 1.000E+00
1.452E-01 2.000E-01
4.898E-01 3.333E-01
0.000E+00 1.575E-02
8.065E-02 0.000E+00
9.450E-02 1.502E-01
1.806E-01 3.704E-02
3.077E-01 0.000E+00
1.429E-01 2.336E-01
5.217E-01 0.000E+00
0.000E+00 1.020E-01
1.111E-01 0.000E+00
2.041E-01 2.042E-01
2.581E-01 1.176E-01
3.000E-01 1.000E+00
1.449E-01 4.262E-01
9.083E-01 0.000E+00
5.236E-03 1.796E-02
1.087E-02 8.333E-02
1.924E-03 7.987E-03
1.429E-01 7.067E-03
9.091E-02 1.481E-02
0.000E+00 3.596E-02
0.000E+00 0.000E+00
3.333E-01 4.651E-02
1.250E-01 3.659E-02
0.000E+00 4.323E-02
6.250E-02 0.000E+00
7.509E-02 1.735E-01
0.000E+00 0.000E+00
3.077E-01 0.000E+00
2.000E-01 2.891E-01
6.071E-01 0.000E+00
0.000E+00 1.231E-01
1.250E-01 0.000E+00
1.478E-01 2.037E-01
1.000E+00 1.579E-01
1.538E-01 0.000E+00
2.642E-01 6.763E-01
2.182E+00 0.000E+00
0.000E+00 3.750E-01
7.500E-01 0.000E+00
1.304E-01 7.143E-01
4.000E+00 3.333E-01
2.000E-01 0.000E+00
8.333E-01 7.397E-01
2.698E+00 0.000E+00
9.186E-03 2.051E-02
4.274E-02 9.677E-02
1.879E-03 1.575E-03
0.000E+00 1.420E-02
0.000E+00 7.749E-03
0.000E+00 1.483E-02
1.304E-01 2.667E-02
3.333E-01 7.463E-02
1.429E-01 0.000E+00
1.667E-01 2.550E-02
4.651E-02 0.000E+00
4.632E-02 9.172E-02
2.985E-01 4.082E-02
2.222E-01 1.000E+00
1.452E-01 2.000E-01
4.898E-01 3.333E-01
0.000E+00 1.575E-02
8.065E-02 0.000E+00
9.450E-02 1.502E-01
1.806E-01 3.704E-02
3.077E-01 0.000E+00
1.429E-01 2.336E-01
5.217E-01 0.000E+00
0.000E+00 1.020E-01
1.111E-01 0.000E+00
2.041E-01 2.042E-01
2.581E-01 1.176E-01
3.000E-01 1.000E+00
1.449E-01 4.262E-01
9.083E-01 0.000E+00
5.236E-03 1.796E-02
1.087E-02 8.333E-02
1.924E-03 7.987E-03
1.429E-01 7.067E-03
9.091E-02 1.481E-02
0.000E+00 3.596E-02
0.000E+00 0.000E+00
3.333E-01 4.651E-02
1.250E-01 3.659E-02
0.000E+00 4.323E-02
6.250E-02 0.000E+00
7.509E-02 1.735E-01
0.000E+00 0.000E+00
3.077E-01 0.000E+00
2.000E-01 2.891E-01
6.071E-01 0.000E+00
0.000E+00 1.231E-01
1.250E-01 0.000E+00
1.478E-01 2.037E-01
1.000E+00 1.579E-01
1.538E-01 0.000E+00
2.642E-01 6.763E-01
2.182E+00 0.000E+00
0.000E+00 3.750E-01
7.500E-01 0.000E+00
1.304E-01 7.143E-01
4.000E+00 3.333E-01
2.000E-01 0.000E+00
8.333E-01 7.397E-01
2.698E+00 0.000E+00
9.186E-03 2.051E-02
4.274E-02 9.677E-02
1.879E-03 1.575E-03
0.000E+00 1.420E-02
0.000E+00 7.749E-03
0.000E+00 1.483E-02
1.304E-01 2.667E-02
3.333E-01 7.463E-02
1.429E-01 0.000E+00
1.667E-01 2.550E-02
4.651E-02 0.000E+00
4.632E-02 9.172E-02
2.985E-01 4.082E-02
2.222E-01 1.000E+00
1.452E-01 2.000E-01
4.898E-01 3.333E-01
0.000E+00 1.575E-02
8.065E-02 0.000E+00
9.450E-02 1.502E-01
1.806E-01 3.704E-02
3.077E-01 0.000E+00
1.429E-01 2.336E-01
5.217E-01 0.000E+00
0.000E+00 1.020E-01
1.111E-01 0.000E+00
2.041E-01 2.042E-01
2.581E-01 1.176E-01
3.000E-01 1.000E+00
1.449E-01 4.262E-01
9.083E-01 0.000E+00
5.236E-03 1.796E-02
1.087E-02 8.333E-02
1.924E-03 7.987E-03
1.429E-01 7.067E-03
9.091E-02 1.481E-02
0.000E+00 3.596E-02
0.000E+00 0.000E+00
3.333E-01 4.651E-02
1.250E-01 3.659E-02
0.000E+00 4.323E-02
6.250E-02 0.000E+00
7.509E-02 1.735E-01
0.000E+00 0.000E+00
3.077E-01 0.000E+00
2.000E-01 2.891E-01
6.071E-01 0.000E+00
0.000E+00 1.231E-01
1.250E-01 0.000E+00
1.478E-01 2.037E-01
1.000E+00 1.579E-01
1.538E-01 0.000E+00
2.642E-01 6.763E-01
2.182E+00 0.000E+00
0.000E+00 3.750E-01
7.500E-01 0.000E+00
1.304E-01 7.143E-01
4.000E+00 3.333E-01
2.000E-01 0.000E+00
8.333E-01 7.397E-01
2.698E+00 0.000E+00
9.186E-03 2.051E-02
4.274E-02 9.677E-02
1.879E-03 1.575E-03
0.000E+00 1.420E-02
0.000E+00 7.749E-03
0.000E+00 1.483E-02
1.304E-01 2.667E-02
3.333E-01 7.463E-02
1.429E-01 0.000E+00
1.667E-01 2.550E-02
4.651E-02 0.000E+00
4.632E-02 9.172E-02
2.985E-01 4.082E-02
2.222E-01 1.000E+00
1.452E-01 2.000E-01
4.898E-01 3.333E-01
0.000E+00 1.575E-02
8.065E-02 0.000E+00
9.450E-02 1.502E-01
1.806E-01 3.704E-02
3.077E-01 0.000E+00
1.429E-01 2.336E-01
5.217E-01 0.000E+00
0.000E+00 1.020E-01
1.111E-01 0.000E+00
2.041E-01 2.042E-01
2.581E-01 1.176E-01
3.000E-01 1.000E+00
1.449E-01 4.262E-01
9.083E-01 0.000E+00
5.236E-03 1.796E-02
1.087E-02 8.333E-02
1.924E-03 7.987E-03
1.429E-01 7.067E-03
9.091E-02 1.481E-02
0.000E+00 3.596E-02
0.000E+00 0.000E+00
3.333E-01 4.651E-02
1.250E-01 3.659E-02
0.000E+00 4.323E-02
6.250E-02 0.000E+00
7.509E-02 1.735E-01
0.000E+00 0.000E+00
3.077E-01 0.000E+00
2.000E-01 2.891E-01
6.071E-01 0.000E+00
0.000E+00 1.231E-01
1.250E-01 0.000E+00
1.478E-01 2.037E-01
1.000E+00 1.579E-01
1.538E-01 0.000E+00
2.642E-01 6.763E-01
2.182E+00 0.000E+00
0.000E+00 3.750E-01
7.500E-01 0.000E+00
1.304E-01 7.143E-01
4.000E+00 3.333E-01
2.000E-01 0.000E+00
8.333E-01 7.397E-01
2.698E+00 0.000E+00
9.186E-03 2.051E-02
4.274E-02 9.677E-02
1.879E-03 1.575E-03
0.000E+00 1.420E-02
0.000E+00 7.749E-03
0.000E+00 1.483E-02
1.304E-01 2.667E-02
3.333E-01 7.463E-02
1.429E-01 0.000E+00
1.667E-01 2.550E-02
4.651E-02 0.000E+00
4.632E-02 9.172E-02
2.985E-01 4.082E-02
2.222E-01 1.000E+00
1.452E-01 2.000E-01
4.898E-01 3.333E-01
0.000E+00 1.575E-02
8.065E-02 0.000E+00
9.450E-02 1.502E-01
1.806E-01 3.704E-02
3.077E-01 0.000E+00
1.429E-01 2.336E-01
5.217E-01 0.000E+00
0.000E+00 1.020E-01
1.111E-01 0.000E+00
2.041E-01 2.042E-01
2.581E-01 1.176E-01
3.000E-01 1.000E+00
1.449E-01 4.262E-01
9.083E-01 0.000E+00
5.236E-03 1.796E-02
1.087E-02 8.333E-02
1.924E-03 7.987E-03
1.429E-01 7.067E-03
9.091E-02 1.481E-02
0.000E+00 3.596E-02
0.000E+00 0.000E+00
3.333E-01 4.651E-02
1.250E-01 3.659E-02
0.000E+00 4.323E-02
6.250E-02 0.000E+00
7.509E-02 1.735E-01
0.000E+00 0.000E+00
3.077E-01 0.000E+00
2.000E-01 2.891E-01
6.071E-01 0.000E+00
0.000E+00 1.231E-01
1.250E-01 0.000E+00
1.478E-01 2.037E-01
1.000E+00 1.579E-01
1.538E-01 0.000E+00
2.642E-01 6.763E-01
2.182E+00 0.000E+00
0.000E+00 3.750E-01
7.500E-01 0.000E+00
1.304E-01 7.143E-01
4.000E+00 3.333E-01
2.000E-01 0.000E+00
8.333E-01 7.397E-01
2.698E+00 0.000E+00
9.186E-03 2.051E-02
4.274E-02 9.677E-02
1.879E-03 1.575E-03
0.000E+00 1.420E-02
0.000E+00 7.749E-03
0.000E+00 1.483E-02
1.304E-01 2.667E-02
3.333E-01 7.463E-02
1.429E-01 0.000E+00
1.667E-01 2.550E-02
4.651E-02 0.000E+00
4.632E-02 9.172E-02
2.985E-01 4.082E-02
2.222E-01 1.000E+00
1.452E-01 2.000E-01
4.898E-01 3.333E-01
0.000E+00 1.575E-02
8.065E-02 0.000E+00
9.450E-02 1.502E-01
1.806E-01 3.704E-02
3.077E-01 0.000E+00
1.429E-01 2.336E-01
5.217E-01 0.000E+00
0.000E+00 1.020E-01
1.111E-01 0.000E+00
2.041E-01 2.042E-01
2.581E-01 1.176E-01
3.000E-01 1.000E+00
1.449E-01 4.262E-01
9.083E-01 0.000E+00
5.236E-03 1.796E-02
1.087E-02 8.333E-02
1.924E-03 7.987E-03
1.429E-01 7.067E-03
9.091E-02 1.481E-02
0.000E+00 3.596E-02
0.000E+00 0.000E+00
3.333E-01 4.651E-02
1.250E-01 3.659E-02
0.000E+00 4.323E-02
6.250E-02 0.000E+00
7.509E-02 1.735E-01
0.000E+00 0.000E+00
3.077E-01 0.000E+00
2.000E-01 2.891E-01
6.071E-01 0.000E+00
0.000E+00 1.231E-01
1.250E-01 0.000E+00
1.478E-01 2.037E-01
1.000E+00 1.579E-01
1.538E-01 0.000E+00
2.642E-01 6.763E-01
2.182E+00 0.000E+00
0.000E+00 3.750E-01
7.500E-01 0.000E+00
1.304E-01 7.143E-01
4.000E+00 3.333E-01
2.000E-01 0.000E+00
8.333E-01 7.397E-01
2.698E+00 0.000E+00
9.186E-03 2.051E-02
4.274E-02 9.677E-02
1.879E-03 1.575E-03
0.000E+00 1.420E-02
0.000E+00 7.749E-03
0.000E+00 1.483E-02
1.304E-01 2.667E-02
3.333E-01 7.463E-02
1.429E-01 0.000E+00
1.667E-01 2.550E-02
4.651E-02 0.000E+00
4.632E-02 9.172E-02
2.985E-01 4.082E-02
2.222E-01 1.000E+00
1.452E-01 2.000E-01
4.898E-01 3.333E-01
0.000E+00 1.575E-02
8.065E-02 0.000E+00
9.450E-02 1.502E-01
1.806E-01 3.704E-02
3.077E-01 0.000E+00
1.429E-01 2.336E-01
5.217E-01 0.000E+00
0.000E+00 1.020E-01
1.111E-01 0.000E+00
2.041E-01 2.042E-01
2.581E-01 1.176E-01
3.000E-01 1.000E+00
1.449E-01 4.262E-01
9.083E-01 0.000E+00
5.236E-03 1.796E-02
1.087E-02 8.333E-02
1.924E-03 7.987E-03
1.429E-01 7.067E-03
9.091E-02 1.481E-02
0.000E+00 3.596E-02
0.000E+00 0.000E+00
3.333E-01 4.651E-02
1.250E-01 3.659E-02
0.000E+00 4.323E-02
6.250E-02 0.000E+00
7.509E-02 1.735E-01
0.000E+00 0.000E+00
3.077E-01 0.000E+00
2.000E-01 2.891E-01
6.071E-01 0.000E+00
0.000E+00 1.231E-01
1.250E-01 0.000E+00
1.478E-01 2.037E-01
1.000E+00 1.579E-01
1.538E-01 0.000E+00
2.642E-01 6.763E-01
2.182E+00 0.000E+00
0.000E+00 3.750E-01
7.500E-01 0.000E+00
1.304E-01 7.143E-01
4.000E+00 3.333E-01
2.000E-01 0.000E+00
8.333E-01 7.397E-01
2.698E+00 0.000E+00
9.186E-03 2.051E-02
4.274E-02 9.677E-02
1.879E-03 1.575E-03
0.000E+00 1.420E-02
0.000E+00 7.749E-03
0.000E+00 1.483E-02
1.304E-01 2.667E-02
3.333E-01 7.463E-02
1.429E-01 0.000E+00
1.667E-01 2.550E-02
4.651E-02 0.000E+00
4.632E-02 9.172E-02
2.985E-01 4.082E-02
2.222E-01 1.000E+00
1.452E-01 2.000E-01
4.898E-01 3.333E-01
0.000E+00 1.575E-02
8.065E-02 0.000E+00
9.450E-02 1.502E-01
1.806E-01 3.704E-02
3.077E-01 0.000E+00
1.429E-01 2.336E-01
5.217E-01 0.000E+00
0.000E+00 1.020E-01
1.111E-01 0.000E+00
2.041E-01 2.042E-01
2.581E-01 1.176E-01
3.000E-01 1.000E+00
1.449E-01 4.262E-01
9.083E-01 0.000E+00
5.236E-03 1.796E-02
1.087E-02 8.333E-02
1.924E-03 7.987E-03
1.429E-01 7.067E-03
9.091E-02 1.481E-02
0.000E+00 3.596E-02
0.000E+00 0.000E+00
3.333E-01 4.651E-02
1.250E-01 3.659E-02
0.000E+00 4.323E-02
6.250E-02 0.000E+00
7.509E-02 1.735E-01
0.000E+00 0.000E+00
3.077E-01 0.000E+00
2.000E-01 2.891E-01
6.071E-01 0.000E+00
0.000E+00 1.231E-01
1.250E-01 0.000E+00
1.478E-01 2.037E-01
1.000E+00 1.579E-01
1.538E-01 0.000E+00
2.642E-01 6.763E-01
2.182E+00 0.000E+00
0.000E+00 3.750E-01
7.500E-01 0.000E+00
1.304E-01 7.143E-01
4.000E+00 3.333E-01
2.000E-01 0.000E+00
8.333E-01 7.397E-01
2.698E+00 0.000E+00
9.186E-03 2.051E-02
4.274E-02 9.677E-02
1.879E-03 1.575E-03
0.000E+00 1.420E-02
0.000E+00 7.749E-03
0.000E+00 1.483E-02
1.304E-01 2.667E-02
3.333E-01 7.463E-02
1.429E-01 0.000E+00
1.667E-01 2.550E-02
4.651E-02 0.000E+00
4.632E-02 9.172E-02
2.985E-01 4.082E-02
2.222E-01 1.000E+00
1.452E-01 2.000E-01
4.898E-01 3.333E-01
0.000E+00 1.575E-02
8.065E-02 0.000E+00
9.450E-02 1.502E-01
1.806E-01 3.704E-02
3.077E-01 0.000E+00
1.429E-01 2.336E-01
5.217E-01 0.000E+00
0.000E+00 1.020E-01
1.111E-01 0.000E+00
2.041E-01 2.042E-01
2.581E-01 1.176E-01
3.000E-01 1.000E+00
1.449E-01 4.262E-01
9.083E-01 0.000E+00
5.236E-03 1.796E-02
1.087E-02 8.333E-02
1.924E-03 7.987E-03
1.429E-01 7.067E-03
9.091E-02 1.481E-02
0.000E+00 3.596E-02
0.000E+00 0.000E+00
3.333E-01 4.651E-02
1.250E-01 3.659E-02
0.000E+00 4.323E-02
6.250E-02 0.000E+00
7.509E-02 1.735E-01
0.000E+00 0.000E+00
3.077E-01 0.000E+00
2.000E-01 2.891E-01
6.071E-01 0.000E+00
0.000E+00 1.231E-01
1.250E-01 0.000E+00
1.478E-01 2.037E-01
1.000E+00 1.579E-01
1.538E-01 0.000E+00
2.642E-01 6.763E-01
2.182E+00 0.000E+00
0.000E+00 3.750E-01
7.500E-01 0.000E+00
1.304E-01 7.143E-01
4.000E+00 3.333E-01
2.000E-01 0.000E+00
8.333E-01 7.397E-01
2.698E+00 0.000E+00
9.186E-03 2.051E-02
4.274E-02 9.677E-02
1.879E-03 1.575E-03
0.000E+00 1.420E-02
0.000E+00 7.749E-03
0.000E+00 1.483E-02
1.304E-01 2.667E-02
3.333E-01 7.463E-02
1.429E-01 0.000E+00
1.667E-01 2.550E-02
4.651E-02 0.000E+00
4.632E-02 9.172E-02
2.985E-01 4.082E-02
2.222E-01 1.000E+00
1.452E-01 2.000E-01
4.898E-01 3.333E-01
0.000E+00 1.575E-02
8.065E-02 0.000E+00
9.450E-02 1.502E-01
1.806E-01 3.704E-02
3.077E-01 0.000E+00
1.429E-01 2.336E-01
5.217E-01 0.000E+00
0.000E+00 1.020E-01
1.111E-01 0.000E+00
2.041E-01 2.042E-01
2.581E-01 1.176E-01
3.000E-01 1.000E+00
1.449E-01 4.262E-01
9.083E-01 0.000E+00
5.236E-03 1.796E-02
1.087E-02 8.333E-02
1.924E-03 7.987E-03
1.429E-01 7.067E-03
9.091E-02 1.481E-02
0.000E+00 3.596E-02
0.000E+00 0.000E+00
3.333E-01 4.651E-02
1.250E-01 3.659E-02
0.000E+00 4.323E-02
6.250E-02 0.000E+00
7.509E-02 1.735E-01
0.000E+00 0.000E+00
3.077E-01 0.000E+00
2.000E-01 2.891E-01
6.071E-01 0.000E+00
0.000E+00 1.231E-01
1.250E-01 0.000E+00
1.478E-01 2.037E-01
1.000E+00 1.579E-01
1.538E-01 0.000E+00
2.642E-01 6.763E-01
2.182E+00 0.000E+00
0.000E+00 3.750E-01
7.500E-01 0.000E+00
1.304E-01 7.143E-01
4.000E+00 3.333E-01
2.000E-01 0.000E+00
8.333E-01 7.397E-01
2.698E+00 0.000E+00
9.186E-03 2.051E-02
4.274E-02 9.677E-02
1.879E-03 1.575E-03
0.000E+00 1.420E-02
0.000E+00 7.749E-03
0.000E+00 1.483E-02
1.304E-01 2.667E-02
3.333E-01 7.463E-02
1.429E-01 0.000E+00
1.667E-01 2.550E-02
4.651E-02 0.000E+00
4.632E-02 9.172E-02
2.985E-01 4.082E-02
2.222E-01 1.000E+00
1.452E-01 2.000E-01
4.898E-01 3.333E-01
0.000E+00 1.575E-02
8.065E-02 0.000E+00
9.450E-02 1.502E-01
1.806E-01 3.704E-02
3.077E-01 0.000E+00
1.429E-01 2.336E-01
5.217E-01 0.000E+00
0.000E+00 1.020E-01
1.111E-01 0.000E+00
2.041E-01 2.042E-01
2.581E-01 1.176E-01
3.000E-01 1.000E+00
1.449E-01 4.262E-01
9.083E-01 0.000E+00
5.236E-03 1.796E-02
1.087E-02 8.333E-02
1.924E-03 7.987E-03
1.429E-01 7.067E-03
9.091E-02 1.481E-02
0.000E+00 3.596E-02
0.000E+00 0.000E+00
3.333E-01 4.651E-02
1.250E-01 3.659E-02
0.000E+00 4.323E-02
6.250E-02 0.000E+00
7.509E-02 1.735E-01
0.000E+00 0.000E+00
3.077E-01 0.000E+00
2.000E-01 2.891E-01
6.071E-01 0.000E+00
0.000E+00 1.231E-01
1.250E-01 0.000E+00
1.478E-01 2.037E-01
1.000E+00 1.579E-01
1.538E-01 0.000E+00
2.642E-01 6.763E-01
2.182E+00 0.000E+00
0.000E+00 3.750E-01
7.500E-01 0.000E+00
1.304E-01 7.143E-01
4.000E+00 3.333E-01
2.000E-01 0.000E+00
8.333E-01 7.397E-01
2.698E+00 0.000E+00
9.186E-03 2.051E-02
4.274E-02 9.677E-02
1.879E-03 1.575E-03
0.000E+00 1.420E-02
0.000E+00 7.749E-03
0.000E+00 1.483E-02
1.304E-01 2.667E-02
3.333E-01 7.463E-02
1.429E-01 0.000E+00
1.667E-01 2.550E-02
4.651E-02 0.000E+00
4.632E-02 9.172E-02
2.985E-01 4.082E-02
2.222E-01 1.000E+00
1.452E-01 2.000E-01
4.898E-01 3.333E-01
0.000E+00 1.575E-02
8.065E-02 0.000E+00
9.450E-02 1.502E-01
1.806E-01 3.704E-02
3.077E-01 0.000E+00
1.429E-01 2.336E-01
5.217E-01 0.000E+00
0.000E+00 1.020E-01
1.111E-01 0.000E+00
2.041E-01 2.042E-01
2.581E-01 1.176E-01
3.000E-01 1.000E+00
1.449E-01 4.262E-01
9.083E-01 0.000E+00
5.236E-03 1.796E-02
1.087E-02 8.333E-02
1.924E-03 7.987E-03
1.429E-01 7.067E-03
9.091E-02 1.481E-02
0.000E+00 3.596E-02
0.000E+00 0.000E+00
3.333E-01 4.651E-02
1.250E-01 3.659E-02
0.000E+00 4.323E-02
6.250E-02 0.000E+00
7.509E-02 1.735E-01
0.000E+00 0.000E+00
3.077E-01 0.000E+00
2.000E-01 2.891E-01
6.071E-01 0.000E+00
0.000E+00 1.231E-01
1.250E-01 0.000E+00
1.478E-01 2.037E-01
1.000E+00 1.579E-01
1.538E-01 0.000E+00
2.642E-01 6.763E-01
2.182E+00 0.000E+00
0.000E+00 3.750E-01
7.500E-01 0.000E+00
1.304E-01 7.143E-01
4.000E+00 3.333E-01
2.000E-01 0.000E+00
8.333E-01 7.397E-01
2.698E+00 0.000E+00
9.186E-03 2.051E-02
4.274E-02 9.677E-02
1.879E-03 1.575E-03
0.000E+00 1.420E-02
0.000E+00 7.749E-03
0.000E+00 1.483E-02
1.304E-01 2.667E-02
3.333E-01 7.463E-02
1.429E-01 0.000E+00
1.667E-01 2.550E-02
4.651E-02 0.000E+00
4.632E-02 9.172E-02
2.985E-01 4.082E-02
2.222E-01 1.000E+00
1.452E-01 2.000E-01
4.898E-01 3.333E-01
0.000E+00 1.575E-02
8.065E-02 0.000E+00
9.450E-02 1.502E-01
1.806E-01 3.704E-02
3.077E-01 0.000E+00
1.429E-01 2.336E-01
5.217E-01 0.000E+00
0.000E+00 1.020E-01
1.111E-01 0.000E+00
2.041E-01 2.042E-01
2.581E-01 1.176E-01
3.000E-01 1.000E+00
1.449E-01 4.262E-01
9.083E-01 0.000E+00
5.236E-03 1.796E-02
1.087E-02 8.333E-02
1.924E-03 7.987E-03
1.429E-01 7.067E-03
9.091E-02 1.481E-02
0.000E+00 3.596E-02
0.000E+00 0.000E+00
3.333E-01 4.651E-02
1.250E-01 3.659E-02
0.000E+00 4.323E-02
6.250E-02 0.000E+00
7.509E-02 1.735E-01
0.000E+00 0.000E+00
3.077E-01 0.000E+00
2.000E-01 2.891E-01
6.071E-01 0.000E+00
0.000E+00 1.231E-01
1.250E-01 0.000E+00
1.478E-01 2.037E-01
1.000E+00 1.579E-01
1.538E-01 0.000E+00
2.642E-01 6.763E-01
2.182E+00 0.000E+00
0.000E+00 3.750E-01
7.500E-01 0.000E+00
1.304E-01 7.143E-01
4.000E+00 3.333E-01
2.000E-01 0.000E+00
8.333E-01 7.397E-01
2.698E+00 0.000E+00
9.186E-03 2.051E-02
4.274E-02 9.677E-02
1.879E-03 1.575E-03
0.000E+00 1.420E-02
0.000E+00 7.749E-03
0.000E+00 1.483E-02
1.304E-01 2.667E-02
3.333E-01 7.463E-02
1.429E-01 0.000E+00
1.667E-01 2.550E-02
4.651E-02 0.000E+00
4.632E-02 9.172E-02
2.985E-01 4.082E-02
2.222E-01 1.000E+00
1.452E-01 2.000E-01
4.898E-01 3.333E-01
0.000E+00 1.575E-02
8.065E-02 0.000E+00
9.450E-02 1.502E-01
1.806E-01 3.704E-02
3.077E-01 0.000E+00
1.429E-01 2.336E-01
5.217E-01 0.000E+00
0.000E+00 1.020E-01
1.111E-01 0.000E+00
2.041E-01 2.042E-01
2.581E-01 1.176E-01
3.000E-01 1.000E+00
1.449E-01 4.262E-01
9.083E-01 0.000E+00
5.236E-03 1.796E-02
1.087E-02 8.333E-02
1.924E-03 7.987E-03
1.429E-01 7.067E-03
9.091E-02 1.481E-02
0.000E+00 3.596E-02
0.000E+00 0.000E+00
3.333E-01 4.651E-02
1.250E-01 3.659E-02
0.000E+00 4.323E-02
6.250E-02 0.000E+00
7.509E-02 1.735E-01
0.000E+00 0.000E+00
3.077E-01 0.000E+00
2.000E-01 2.891E-01
6.071E-01 0.000E+00
0.000E+00 1.231E-01
1.250E-01 0.000E+00
1.478E-01 2.037E-01
1.000E+00 1.579E-01
1.538E-01 0.000E+00
2.642E-01 6.763E-01
2.182E+00 0.000E+00
0.000E+00 3.750E-01
7.500E-01 0.000E+00
1.304E-01 7.143E-01
4.000E+00 3.333E-01
2.000E-01 0.000E+00
8.333E-01 7.397E-01
2.698E+00 0.000E+00
9.186E-03 2.051E-02
4.274E-02 9.677E-02
1.879E-03 1.575E-03
0.000E+00 1.420E-02
0.000E+00 7.749E-03
0.000E+00 1.483E-02
1.304E-01 2.667E-02
3.333E-01 7.463E-02
1.429E-01 0.000E+00
1.667E-01 2.550E-02
4.651E-02 0.000E+00
4.632E-02 9.172E-02
2.985E-01 4.082E-02
2.222E-01 1.000E+00
1.452E-01 2.000E-01
4.898E-01 3.333E-01
0.000E+00 1.575E-02
8.065E-02 0.000E+00
9.450E-02 1.502E-01
1.806E-01 3.704E-02
3.077E-01 0.000E+00
1.429E-01 2.336E-01
5.217E-01 0.000E+00
0.000E+00 1.020E-01
1.111E-01 0.000E+00
2.041E-01 2.042E-01
2.581E-01 1.176E-01
3.000E-01 1.000E+00
1.449E-01 4.262E-01
9.083E-01 0.000E+00
5.236E-03 1.796E-02
1.087E-02 8.333E-02
1.924E-03 7.987E-03
1.429E-01 7.067E-03
9.091E-02 1.481E-02
0.000E+00 3.596E-02
0.000E+00 0.000E+00
3.333E-01 4.651E-02
1.250E-01 3.659E-02
0.000E+00 4.323E-02
6.250E-02 0.000E+00
7.509E-02 1.735E-01
0.000E+00 0.000E+00
3.077E-01 0.000E+00
2.000E-01 2.891E-01
6.071E-01 0.000E+00
0.000E+00 1.231E-01
1.250E-01 0.000E+00
1.478E-01 2.037E-01
1.000E+00 1.579E-01
1.538E-01 0.000E+00
2.642E-01 6.763E-01
2.182E+00 0.000E+00
0.000E+00 3.750E-01
7.500E-01 0.000E+00
1.304E-01 7.143E-01
4.000E+00 3.333E-01
2.000E-01 0.000E+00
8.333E-01 7.397E-01
2.698E+00 0.000E+00
9.186E-03 2.051E-02
4.274E-02 9.677E-02
1.879E-03 1.575E-03
0.000E+00 1.420E-02
0.000E+00 7.749E-03
0.000E+00 1.483E-02
1.304E-01 2.667E-02
3.333E-01 7.463E-02
1.429E-01 0.000E+00
1.667E-01 2.550E-02
4.651E-02 0.000E+00
4.632E-02 9.172E-02
2.985E-01 4.082E-02
2.222E-01 1.000E+00
1.452E-01 2.000E-01
4.898E-01 3.333E-01
0.000E+00 1.575E-02
8.065E-02 0.000E+00
9.450E-02 1.502E-01
1.806E-01 3.704E-02
3.077E-01 0.000E+00
1.429E-01 2.336E-01
5.217E-01 0.000E+00
0.000E+00 1.020E-01
1.111E-01 0.000E+00
2.041E-01 2.042E-01
2.581E-01 1.176E-01
3.000E-01 1.000E+00
1.449E-01 4.262E-01
9.083E-01 0.000E+00
5.236E-03 1.796E-02
1.087E-02 8.333E-02
1.924E-03 7.987E-03
1.429E-01 7.067E-03
9.091E-02 1.481E-02
0.000E+00 3.596E-02
0.000E+00 0.000E+00
3.333E-01 4.651E-02
1.250E-01 3.659E-02
0.000E+00 4.323E-02
6.250E-02 0.000E+00
7.509E-02 1.735E-01
0.000E+00 0.000E+00
3.077E-01 0.000E+00
2.000E-01 2.891E-01
6.071E-01 0.000E+00
0.000E+00 1.231E-01
1.250E-01 0.000E+00
1.478E-01 2.037E-01
1.000E+00 1.579E-01
1.538E-01 0.000E+00
2.642E-01 6.763E-01
2.182E+00 0.000E+00
0.000E+00 3.750E-01
7.500E-01 0.000E+00
1.304E-01 7.143E-01
4.000E+00 3.333E-01
2.000E-01 0.000E+00
8.333E-01 7.397E-01
2.698E+00 0.000E+00
9.186E-03 2.051E-02
4.274E-02 9.677E-02
1.879E-03 1.575E-03
0.000E+00 1.420E-02
0.000E+00 7.749E-03
0.000E+00 1.483E-02
1.304E-01 2.667E-02
3.333E-01 7.463E-02
1.429E-01 0.000E+00
1.667E-01 2.550E-02
4.651E-02 0.000E+00
4.632E-02 9.172E-02
2.985E-01 4.082E-02
2.222E-01 1.000E+00
1.452E-01 2.000E-01
4.898E-01 3.333E-01
0.000E+00 1.575E-02
8.065E-02 0.000E+00
9.450E-02 1.502E-01
1.806E-01 3.704E-02
3.077E-01 0.000E+00
1.429E-01 2.336E-01
5.217E-01 0.000E+00
0.000E+00 1.020E-01
1.111E-01 0.000E+00
2.041E-01 2.042E-01
2.581E-01 1.176E-01
3.000E-01 1.000E+00
1.449E-01 4.262E-01
9.083E-01 0.000E+00
5.236E-03 1.796E-02
1.087E-02 8.333E-02
1.924E-03 7.987E-03
1.429E-01 7.067E-03
9.091E-02 1.481E-02
0.000E+00 3.596E-02
0.000E+00 0.000E+00
3.333E-01 4.651E-02
1.250E-01 3.659E-02
0.000E+00 4.323E-02
6.250E-02 0.000E+00
7.509E-02 1.735E-01
0.000E+00 0.000E+00
3.077E-01 0.000E+00
2.000E-01 2.891E-01
6.071E-01 0.000E+00
0.000E+00 1.231E-01
1.250E-01 0.000E+00
1.478E-01 2.037E-01
1.000E+00 1.579E-01
1.538E-01 0.000E+00
2.642E-01 6.763E-01
2.182E+00 0.000E+00
0.000E+00 3.750E-01
7.500E-01 0.000E+00
1.304E-01 7.143E-01
4.000E+00 3.333E-01
2.000E-01 0.000E+00
8.333E-01 7.397E-01
2.698E+00 0.000E+00
9.186E-03 2.051E-02
4.274E-02 9.677E-02
1.879E-03 1.575E-03
0.000E+00 1.420E-02
0.000E+00 7.749E-03
0.000E+00 1.483E-02
1.304E-01 2.667E-02
3.333E-01 7.463E-02
1.429E-01 0.000E+00
1.667E-01 2.550E-02
4.651E-02 0.000E+00
4.632E-02 9.172E-02
2.985E-01 4.082E-02
2.222E-01 1.000E+00
1.452E-01 2.000E-01
4.898E-01 3.333E-01
0.000E+00 1.575E-02
8.065E-02 0.000E+00
9.450E-02 1.502E-01
1.806E-01 3.704E-02
3.077E-01 0.000E+00
1.429E-01 2.336E-01
5.217E-01 0.000E+00
0.000E+00 1.020E-01
1.111E-01 0.000E+00
2.041E-01 2.042E-01
2.581E-01 1.176E-01
3.000E-01 1.000E+00
1.449E-01 4.262E-01
9.083E-01 0.000E+00
5.236E-03 1.796E-02
1.087E-02 8.333E-02
1.924E-03 7.987E-03
1.429E-01 7.067E-03
9.091E-02 1.481E-02
0.000E+00 3.596E-02
0.000E+00 0.000E+00
3.333E-01 4.651E-02
1.250E-01 3.659E-02
0.000E+00 4.323E-02
6.250E-02 0.000E+00
7.509E-02 1.735E-01
0.000E+00 0.000E+00
3.077E-01 0.000E+00
2.000E-01 2.891E-01
6.071E-01 0.000E+00
0.000E+00 1.231E-01
1.250E-01 0.000E+00
1.478E-01 2.037E-01
1.000E+00 1.579E-01
1.538E-01 0.000E+00
2.642E-01 6.763E-01
2.182E+00 0.000E+00
0.000E+00 3.750E-01
7.500E-01 0.000E+00
1.304E-01 7.143E-01
4.000E+00 3.333E-01
2.000E-01 0.000E+00
8.333E-01 7.397E-01
2.698E+00 0.000E+00
9.186E-03 2.051E-02
4.274E-02 9.677E-02
1.879E-03 1.575E-03
0.000E+00 1.420E-02
0.000E+00 7.749E-03
0.000E+00 1.483E-02
1.304E-01 2.667E-02
3.333E-01 7.463E-02
1.429E-01 0.000E+00
1.667E-01 2.550E-02
4.651E-02 0.000E+00
4.632E-02 9.172E-02
2.985E-01 4.082E-02
2.222E-01 1.000E+00
1.452E-01 2.000E-01
4.898E-01 3.333E-01
0.000E+00 1.575E-02
8.065E-02 0.000E+00
9.450E-02 1.502E-01
1.806E-01 3.704E-02
3.077E-01 0.000E+00
1.429E-01 2.336E-01
5.217E-01 0.000E+00
0.000E+00 1.020E-01
1.111E-01 0.000E+00
2.041E-01 2.042E-01
2.581E-01 1.176E-01
3.000E-01 1.000E+00
1.449E-01 4.262E-01
9.083E-01 0.000E+00
5.236E-03 1.796E-02
1.087E-02 8.333E-02
1.924E-03 7.987E-03
1.429E-01 7.067E-03
9.091E-02 1.481E-02
0.000E+00 3.596E-02
0.000E+00 0.000E+00
3.333E-01 4.651E-02
1.250E-01 3.659E-02
0.000E+00 4.323E-02
6.250E-02 0.000E+00
7.509E-02 1.735E-01
0.000E+00 0.000E+00
3.077E-01 0.000E+00
2.000E-01 2.891E-01
6.071E-01 0.000E+00
0.000E+00 1.231E-01
1.250E-01 0.000E+00
1.478E-01 2.037E-01
1.000E+00 1.579E-01
1.538E-01 0.000E+00
2.642E-01 6.763E-01
2.182E+00 0.000E+00
0.000E+00 3.750E-01
7.500E-01 0.000E+00
1.304E-01 7.143E-01
4.000E+00 3.333E-01
2.000E-01 0.000E+00
8.333E-01 7.397E-01
2.698E+00 0.000E+00
9.186E-03 2.051E-02
4.274E-02 9.677E-02
1.879E-03 1.575E-03
0.000E+00 1.420E-02
0.000E+00 7.749E-03
0.000E+00 1.483E-02
1.304E-01 2.667E-02
3.333E-01 7.463E-02
1.429E-01 0.000E+00
1.667E-01 2.550E-02
4.651E-02 0.000E+00
4.632E-02 9.172E-02
2.985E-01 4.082E-02
2.222E-01 1.000E+00
1.452E-01 2.000E-01
4.898E-01 3.333E-01
0.000E+00 1.575E-02
8.065E-02 0.000E+00
9.450E-02 1.502E-01
1.806E-01 3.704E-02
3.077E-01 0.000E+00
1.429E-01 2.336E-01
5.217E-01 0.000E+00
0.000E+00 1.020E-01
1.111E-01 0.000E+00
2.041E-01 2.042E-01
2.581E-01 1.176E-01
3.000E-01 1.000E+00
1.449E-01 4.262E-01
9.083E-01 0.000E+00
5.236E-03 1.796E-02
1.087E-02 8.333E-02
1.924E-03 7.987E-03
1.429E-01 7.067E-03
9.091E-02 1.481E-02
0.000E+00 3.596E-02
0.000E+00 0.000E+00
3.333E-01 4.651E-02
1.250E-01 3.659E-02
0.000E+00 4.323E-02
6.250E-02 0.000E+00
7.509E-02 1.735E-01
0.000E+00 0.000E+00
3.077E-01 0.000E+00
2.000E-01 2.891E-01
6.071E-01 0.000E+00
0.000E+00 1.231E-01
1.250E-01 0.000E+00
1.478E-01 2.037E-01
1.000E+00 1.579E-01
1.538E-01 0.000E+00
2.642E-01 6.763E-01
2.182E+00 0.000E+00
0.000E+00 3.750E-01
7.500E-01 0.000E+00
1.304E-01 7.143E-01
4.000E+00 3.333E-01
2.000E-01 0.000E+00
8.333E-01 7.397E-01
2.698E+00 0.000E+00
9.186E-03 2.051E-02
4.274E-02 9.677E-02
1.879E-03 1.575E-03
0.000E+00 1.420E-02
0.000E+00 7.749E-03
0.000E+00 1.483E-02
1.304E-01 2.667E-02
3.333E-01 7.463E-02
1.429E-01 0.000E+00
1.667E-01 2.550E-02
4.651E-02 0.000E+00
4.632E-02 9.172E-02
2.985E-01 4.082E-02
2.222E-01 1.000E+00
1.452E-01 2.000E-01
4.898E-01 3.333E-01
0.000E+00 1.575E-02
8.065E-02 0.000E+00
9.450E-02 1.502E-01
1.806E-01 3.704E-02
3.077E-01 0.000E+00
1.429E-01 2.336E-01
5.217E-01 0.000E+00
0.000E+00 1.020E-01
1.111E-01 0.000E+00
2.041E-01 2.042E-01
2.581E-01 1.176E-01
3.000E-01 1.000E+00
1.449E-01 4.262E-01
9.083E-01 0.000E+00
5.236E-03 1.796E-02
1.087E-02 8.333E-02
1.924E-03 7.987E-03
1.429E-01 7.067E-03
9.091E-02 1.481E-02
0.000E+00 3.596E-02
0.000E+00 0.000E+00
3.333E-01 4.651E-02
1.250E-01 3.659E-02
0.000E+00 4.323E-02
6.250E-02 0.000E+00
7.509E-02 1.735E-01
0.000E+00 0.000E+00
3.077E-01 0.000E+00
2.000E-01 2.891E-01
6.071E-01 0.000E+00
0.000E+00 1.231E-01
1.250E-01 0.000E+00
1.478E-01 2.037E-01
1.000E+00 1.579E-01
1.538E-01 0.000E+00
2.642E-01 6.763E-01
2.182E+00 0.000E+00
0.000E+00 3.750E-01
7.500E-01 0.000E+00
1.304E-01 7.143E-01
4.000E+00 3.333E-01
2.000E-01 0.000E+00
8.333E-01 7.397E-01
2.698E+00 0.000E+00
9.186E-03 2.051E-02
4.274E-02 9.677E-02
1.879E-03 1.575E-03
0.000E+00 1.420E-02
0.000E+00 7.749E-03
0.000E+00 1.483E-02
1.304E-01 2.667E-02
3.333E-01 7.463E-02
1.429E-01 0.000E+00
1.667E-01 2.550E-02
4.651E-02 0.000E+00
4.632E-02 9.172E-02
2.985E-01 4.082E-02
2.222E-01 1.000E+00
1.452E-01 2.000E-01
4.898E-01 3.333E-01
0.000E+00 1.575E-02
8.065E-02 0.000E+00
9.450E-02 1.502E-01
1.806E-01 3.704E-02
3.077E-01 0.000E+00
1.429E-01 2.336E-01
5.217E-01 0.000E+00
0.000E+00 1.020E-01
1.111E-01 0.000E+00
2.041E-01 2.042E-01
2.581E-01 1.176E-01
3.000E-01 1.000E+00
1.449E-01 4.262E-01
9.083E-01 0.000E+00
5.236E-03 1.796E-02
1.087E-02 8.333E-02
1.924E-03 7.987E-03
1.429E-01 7.067E-03
9.091E-02 1.481E-02
0.000E+00 3.596E-02
0.000E+00 0.000E+00
3.333E-01 4.651E-02
1.250E-01 3.659E-02
0.000E+00 4.323E-02
6.250E-02 0.000E+00
7.509E-02 1.735E-01
0.000E+00 0.000E+00
3.077E-01 0.000E+00
2.000E-01 2.891E-01
6.071E-01 0.000E+00
0.000E+00 1.231E-01
1.250E-01 0.000E+00
1.478E-01 2.037E-01
1.000E+00 1.579E-01
1.538E-01 0.000E+00
2.642E-01 6.763E-01
2.182E+00 0.000E+00
0.000E+00 3.750E-01
7.500E-01 0.000E+00
1.304E-01 7.143E-01
4.000E+00 3.333E-01
2.000E-01 0.000E+00
8.333E-01 7.397E-01
2.698E+00 0.000E+00
9.186E-03 2.051E-02
4.274E-02 9.677E-02
1.879E-03 1.575E-03
0.000E+00 1.420E-02
0.000E+00 7.749E-03
0.000E+00 1.483E-02
1.304E-01 2.667E-02
3.333E-01 7.463E-02
1.429E-01 0.000E+00
1.667E-01 2.550E-02
4.651E-02 0.000E+00
4.632E-02 9.172E-02
2.985E-01 4.082E-02
2.222E-01 1.000E+00
1.452E-01 2.000E-01
4.898E-01 3.333E-01
0.000E+00 1.575E-02
8.065E-02 0.000E+00
9.450E-02 1.502E-01
1.806E-01 3.704E-02
3.077E-01 0.000E+00
1.429E-01 2.336E-01
5.217E-01 0.000E+00
0.000E+00 1.020E-01
1.111E-01 0.000E+00
2.041E-01 2.042E-01
2.581E-01 1.176E-01
3.000E-01 1.000E+00
1.449E-01 4.262E-01
9.083E-01 0.000E+00
5.236E-03 1.796E-02
1.087E-02 8.333E-02
