1.924E-03 7.987E-03
1.429E-01 7.067E-03
9.091E-02 1.481E-02
0.000E+00 3.596E-02
0.000E+00 0.000E+00
3.333E-01 4.651E-02
1.250E-01 3.659E-02
0.000E+00 4.323E-02
6.250E-02 0.000E+00
7.509E-02 1.735E-01
0.000E+00 0.000E+00
3.077E-01 0.000E+00
2.000E-01 2.891E-01
6.071E-01 0.000E+00
0.000E+00 1.231E-01
1.250E-01 0.000E+00
1.478E-01 2.037E-01
1.000E+00 1.579E-01
1.538E-01 0.000E+00
2.642E-01 6.763E-01
2.182E+00 0.000E+00
0.000E+00 3.750E-01
7.500E-01 0.000E+00
1.304E-01 7.143E-01
4.000E+00 3.333E-01
2.000E-01 0.000E+00
8.333E-01 7.397E-01
2.698E+00 0.000E+00
9.186E-03 2.051E-02
4.274E-02 9.677E-02
7.338E-03 7.637E-03
3.704E-02 8.658E-03
0.000E+00 1.875E-02
1.522E-01 2.174E-02
9.756E-02 2.143E-02
0.000E+00 7.907E-02
2.703E-01 3.008E-02
1.000E-01 3.685E-02
1.731E-01 4.000E-01
6.221E-02 1.556E-01
0.000E+00 6.250E-02
1.200E-01 0.000E+00
2.500E-01 2.500E-01
6.061E-01 0.000E+00
0.000E+00 5.161E-02
2.295E-01 0.000E+00
1.082E-01 2.219E-01
7.778E-01 6.667E-02
1.667E-01 0.000E+00
2.222E-01 4.772E-01
1.165E+00 0.000E+00
0.000E+00 6.061E-02
3.333E-01 2.000E+00
2.842E-01 3.868E-01
5.000E-01 9.677E-02
4.194E-01 0.000E+00
3.673E-01 6.713E-01
1.575E+00 7.435E-03
1.207E-02 2.019E-02
1.515E-02 1.406E-01
1.924E-03 7.987E-03
1.429E-01 7.067E-03
9.091E-02 1.481E-02
0.000E+00 3.596E-02
0.000E+00 0.000E+00
3.333E-01 4.651E-02
1.250E-01 3.659E-02
0.000E+00 4.323E-02
6.250E-02 0.000E+00
7.509E-02 1.735E-01
0.000E+00 0.000E+00
3.077E-01 0.000E+00
2.000E-01 2.891E-01
6.071E-01 0.000E+00
0.000E+00 1.231E-01
1.250E-01 0.000E+00
1.478E-01 2.037E-01
1.000E+00 1.579E-01
1.538E-01 0.000E+00
2.642E-01 6.763E-01
2.182E+00 0.000E+00
0.000E+00 3.750E-01
7.500E-01 0.000E+00
1.304E-01 7.143E-01
4.000E+00 3.333E-01
2.000E-01 0.000E+00
8.333E-01 7.397E-01
2.698E+00 0.000E+00
9.186E-03 2.051E-02
4.274E-02 9.677E-02
7.338E-03 7.637E-03
3.704E-02 8.658E-03
0.000E+00 1.875E-02
1.522E-01 2.174E-02
9.756E-02 2.143E-02
0.000E+00 7.907E-02
2.703E-01 3.008E-02
1.000E-01 3.685E-02
1.731E-01 4.000E-01
6.221E-02 1.556E-01
0.000E+00 6.250E-02
1.200E-01 0.000E+00
2.500E-01 2.500E-01
6.061E-01 0.000E+00
0.000E+00 5.161E-02
2.295E-01 0.000E+00
1.082E-01 2.219E-01
7.778E-01 6.667E-02
1.667E-01 0.000E+00
2.222E-01 4.772E-01
1.165E+00 0.000E+00
0.000E+00 6.061E-02
3.333E-01 2.000E+00
2.842E-01 3.868E-01
5.000E-01 9.677E-02
4.194E-01 0.000E+00
3.673E-01 6.713E-01
1.575E+00 7.435E-03
1.207E-02 2.019E-02
1.515E-02 1.406E-01
1.924E-03 7.987E-03
1.429E-01 7.067E-03
9.091E-02 1.481E-02
0.000E+00 3.596E-02
0.000E+00 0.000E+00
3.333E-01 4.651E-02
1.250E-01 3.659E-02
0.000E+00 4.323E-02
6.250E-02 0.000E+00
7.509E-02 1.735E-01
0.000E+00 0.000E+00
3.077E-01 0.000E+00
2.000E-01 2.891E-01
6.071E-01 0.000E+00
0.000E+00 1.231E-01
1.250E-01 0.000E+00
1.478E-01 2.037E-01
1.000E+00 1.579E-01
1.538E-01 0.000E+00
2.642E-01 6.763E-01
2.182E+00 0.000E+00
0.000E+00 3.750E-01
7.500E-01 0.000E+00
1.304E-01 7.143E-01
4.000E+00 3.333E-01
2.000E-01 0.000E+00
8.333E-01 7.397E-01
2.698E+00 0.000E+00
9.186E-03 2.051E-02
4.274E-02 9.677E-02
7.338E-03 7.637E-03
3.704E-02 8.658E-03
0.000E+00 1.875E-02
1.522E-01 2.174E-02
9.756E-02 2.143E-02
0.000E+00 7.907E-02
2.703E-01 3.008E-02
1.000E-01 3.685E-02
1.731E-01 4.000E-01
6.221E-02 1.556E-01
0.000E+00 6.250E-02
1.200E-01 0.000E+00
2.500E-01 2.500E-01
6.061E-01 0.000E+00
0.000E+00 5.161E-02
2.295E-01 0.000E+00
1.082E-01 2.219E-01
7.778E-01 6.667E-02
1.667E-01 0.000E+00
2.222E-01 4.772E-01
1.165E+00 0.000E+00
0.000E+00 6.061E-02
3.333E-01 2.000E+00
2.842E-01 3.868E-01
5.000E-01 9.677E-02
4.194E-01 0.000E+00
3.673E-01 6.713E-01
1.575E+00 7.435E-03
1.207E-02 2.019E-02
1.515E-02 1.406E-01
1.924E-03 7.987E-03
1.429E-01 7.067E-03
9.091E-02 1.481E-02
0.000E+00 3.596E-02
0.000E+00 0.000E+00
3.333E-01 4.651E-02
1.250E-01 3.659E-02
0.000E+00 4.323E-02
6.250E-02 0.000E+00
7.509E-02 1.735E-01
0.000E+00 0.000E+00
3.077E-01 0.000E+00
2.000E-01 2.891E-01
6.071E-01 0.000E+00
0.000E+00 1.231E-01
1.250E-01 0.000E+00
1.478E-01 2.037E-01
1.000E+00 1.579E-01
1.538E-01 0.000E+00
2.642E-01 6.763E-01
2.182E+00 0.000E+00
0.000E+00 3.750E-01
7.500E-01 0.000E+00
1.304E-01 7.143E-01
4.000E+00 3.333E-01
2.000E-01 0.000E+00
8.333E-01 7.397E-01
2.698E+00 0.000E+00
9.186E-03 2.051E-02
4.274E-02 9.677E-02
7.338E-03 7.637E-03
3.704E-02 8.658E-03
0.000E+00 1.875E-02
1.522E-01 2.174E-02
9.756E-02 2.143E-02
0.000E+00 7.907E-02
2.703E-01 3.008E-02
1.000E-01 3.685E-02
1.731E-01 4.000E-01
6.221E-02 1.556E-01
0.000E+00 6.250E-02
1.200E-01 0.000E+00
2.500E-01 2.500E-01
6.061E-01 0.000E+00
0.000E+00 5.161E-02
2.295E-01 0.000E+00
1.082E-01 2.219E-01
7.778E-01 6.667E-02
1.667E-01 0.000E+00
2.222E-01 4.772E-01
1.165E+00 0.000E+00
0.000E+00 6.061E-02
3.333E-01 2.000E+00
2.842E-01 3.868E-01
5.000E-01 9.677E-02
4.194E-01 0.000E+00
3.673E-01 6.713E-01
1.575E+00 7.435E-03
1.207E-02 2.019E-02
1.515E-02 1.406E-01
1.924E-03 7.987E-03
1.429E-01 7.067E-03
9.091E-02 1.481E-02
0.000E+00 3.596E-02
0.000E+00 0.000E+00
3.333E-01 4.651E-02
1.250E-01 3.659E-02
0.000E+00 4.323E-02
6.250E-02 0.000E+00
7.509E-02 1.735E-01
0.000E+00 0.000E+00
3.077E-01 0.000E+00
2.000E-01 2.891E-01
6.071E-01 0.000E+00
0.000E+00 1.231E-01
1.250E-01 0.000E+00
1.478E-01 2.037E-01
1.000E+00 1.579E-01
1.538E-01 0.000E+00
2.642E-01 6.763E-01
2.182E+00 0.000E+00
0.000E+00 3.750E-01
7.500E-01 0.000E+00
1.304E-01 7.143E-01
4.000E+00 3.333E-01
2.000E-01 0.000E+00
8.333E-01 7.397E-01
2.698E+00 0.000E+00
9.186E-03 2.051E-02
4.274E-02 9.677E-02
7.338E-03 7.637E-03
3.704E-02 8.658E-03
0.000E+00 1.875E-02
1.522E-01 2.174E-02
9.756E-02 2.143E-02
0.000E+00 7.907E-02
2.703E-01 3.008E-02
1.000E-01 3.685E-02
1.731E-01 4.000E-01
6.221E-02 1.556E-01
0.000E+00 6.250E-02
1.200E-01 0.000E+00
2.500E-01 2.500E-01
6.061E-01 0.000E+00
0.000E+00 5.161E-02
2.295E-01 0.000E+00
1.082E-01 2.219E-01
7.778E-01 6.667E-02
1.667E-01 0.000E+00
2.222E-01 4.772E-01
1.165E+00 0.000E+00
0.000E+00 6.061E-02
3.333E-01 2.000E+00
2.842E-01 3.868E-01
5.000E-01 9.677E-02
4.194E-01 0.000E+00
3.673E-01 6.713E-01
1.575E+00 7.435E-03
1.207E-02 2.019E-02
1.515E-02 1.406E-01
1.924E-03 7.987E-03
1.429E-01 7.067E-03
9.091E-02 1.481E-02
0.000E+00 3.596E-02
0.000E+00 0.000E+00
3.333E-01 4.651E-02
1.250E-01 3.659E-02
0.000E+00 4.323E-02
6.250E-02 0.000E+00
7.509E-02 1.735E-01
0.000E+00 0.000E+00
3.077E-01 0.000E+00
2.000E-01 2.891E-01
6.071E-01 0.000E+00
0.000E+00 1.231E-01
1.250E-01 0.000E+00
1.478E-01 2.037E-01
1.000E+00 1.579E-01
1.538E-01 0.000E+00
2.642E-01 6.763E-01
2.182E+00 0.000E+00
0.000E+00 3.750E-01
7.500E-01 0.000E+00
1.304E-01 7.143E-01
4.000E+00 3.333E-01
2.000E-01 0.000E+00
8.333E-01 7.397E-01
2.698E+00 0.000E+00
9.186E-03 2.051E-02
4.274E-02 9.677E-02
7.338E-03 7.637E-03
3.704E-02 8.658E-03
0.000E+00 1.875E-02
1.522E-01 2.174E-02
9.756E-02 2.143E-02
0.000E+00 7.907E-02
2.703E-01 3.008E-02
1.000E-01 3.685E-02
1.731E-01 4.000E-01
6.221E-02 1.556E-01
0.000E+00 6.250E-02
1.200E-01 0.000E+00
2.500E-01 2.500E-01
6.061E-01 0.000E+00
0.000E+00 5.161E-02
2.295E-01 0.000E+00
1.082E-01 2.219E-01
7.778E-01 6.667E-02
1.667E-01 0.000E+00
2.222E-01 4.772E-01
1.165E+00 0.000E+00
0.000E+00 6.061E-02
3.333E-01 2.000E+00
2.842E-01 3.868E-01
5.000E-01 9.677E-02
4.194E-01 0.000E+00
3.673E-01 6.713E-01
1.575E+00 7.435E-03
1.207E-02 2.019E-02
1.515E-02 1.406E-01
1.924E-03 7.987E-03
1.429E-01 7.067E-03
9.091E-02 1.481E-02
0.000E+00 3.596E-02
0.000E+00 0.000E+00
3.333E-01 4.651E-02
1.250E-01 3.659E-02
0.000E+00 4.323E-02
6.250E-02 0.000E+00
7.509E-02 1.735E-01
0.000E+00 0.000E+00
3.077E-01 0.000E+00
2.000E-01 2.891E-01
6.071E-01 0.000E+00
0.000E+00 1.231E-01
1.250E-01 0.000E+00
1.478E-01 2.037E-01
1.000E+00 1.579E-01
1.538E-01 0.000E+00
2.642E-01 6.763E-01
2.182E+00 0.000E+00
0.000E+00 3.750E-01
7.500E-01 0.000E+00
1.304E-01 7.143E-01
4.000E+00 3.333E-01
2.000E-01 0.000E+00
8.333E-01 7.397E-01
2.698E+00 0.000E+00
9.186E-03 2.051E-02
4.274E-02 9.677E-02
7.338E-03 7.637E-03
3.704E-02 8.658E-03
0.000E+00 1.875E-02
1.522E-01 2.174E-02
9.756E-02 2.143E-02
0.000E+00 7.907E-02
2.703E-01 3.008E-02
1.000E-01 3.685E-02
1.731E-01 4.000E-01
6.221E-02 1.556E-01
0.000E+00 6.250E-02
1.200E-01 0.000E+00
2.500E-01 2.500E-01
6.061E-01 0.000E+00
0.000E+00 5.161E-02
2.295E-01 0.000E+00
1.082E-01 2.219E-01
7.778E-01 6.667E-02
1.667E-01 0.000E+00
2.222E-01 4.772E-01
1.165E+00 0.000E+00
0.000E+00 6.061E-02
3.333E-01 2.000E+00
2.842E-01 3.868E-01
5.000E-01 9.677E-02
4.194E-01 0.000E+00
3.673E-01 6.713E-01
1.575E+00 7.435E-03
1.207E-02 2.019E-02
1.515E-02 1.406E-01
1.924E-03 7.987E-03
1.429E-01 7.067E-03
9.091E-02 1.481E-02
0.000E+00 3.596E-02
0.000E+00 0.000E+00
3.333E-01 4.651E-02
1.250E-01 3.659E-02
0.000E+00 4.323E-02
6.250E-02 0.000E+00
7.509E-02 1.735E-01
0.000E+00 0.000E+00
3.077E-01 0.000E+00
2.000E-01 2.891E-01
6.071E-01 0.000E+00
0.000E+00 1.231E-01
1.250E-01 0.000E+00
1.478E-01 2.037E-01
1.000E+00 1.579E-01
1.538E-01 0.000E+00
2.642E-01 6.763E-01
2.182E+00 0.000E+00
0.000E+00 3.750E-01
7.500E-01 0.000E+00
1.304E-01 7.143E-01
4.000E+00 3.333E-01
2.000E-01 0.000E+00
8.333E-01 7.397E-01
2.698E+00 0.000E+00
9.186E-03 2.051E-02
4.274E-02 9.677E-02
7.338E-03 7.637E-03
3.704E-02 8.658E-03
0.000E+00 1.875E-02
1.522E-01 2.174E-02
9.756E-02 2.143E-02
0.000E+00 7.907E-02
2.703E-01 3.008E-02
1.000E-01 3.685E-02
1.731E-01 4.000E-01
6.221E-02 1.556E-01
0.000E+00 6.250E-02
1.200E-01 0.000E+00
2.500E-01 2.500E-01
6.061E-01 0.000E+00
0.000E+00 5.161E-02
2.295E-01 0.000E+00
1.082E-01 2.219E-01
7.778E-01 6.667E-02
1.667E-01 0.000E+00
2.222E-01 4.772E-01
1.165E+00 0.000E+00
0.000E+00 6.061E-02
3.333E-01 2.000E+00
2.842E-01 3.868E-01
5.000E-01 9.677E-02
4.194E-01 0.000E+00
3.673E-01 6.713E-01
1.575E+00 7.435E-03
1.207E-02 2.019E-02
1.515E-02 1.406E-01
1.924E-03 7.987E-03
1.429E-01 7.067E-03
9.091E-02 1.481E-02
0.000E+00 3.596E-02
0.000E+00 0.000E+00
3.333E-01 4.651E-02
1.250E-01 3.659E-02
0.000E+00 4.323E-02
6.250E-02 0.000E+00
7.509E-02 1.735E-01
0.000E+00 0.000E+00
3.077E-01 0.000E+00
2.000E-01 2.891E-01
6.071E-01 0.000E+00
0.000E+00 1.231E-01
1.250E-01 0.000E+00
1.478E-01 2.037E-01
1.000E+00 1.579E-01
1.538E-01 0.000E+00
2.642E-01 6.763E-01
2.182E+00 0.000E+00
0.000E+00 3.750E-01
7.500E-01 0.000E+00
1.304E-01 7.143E-01
4.000E+00 3.333E-01
2.000E-01 0.000E+00
8.333E-01 7.397E-01
2.698E+00 0.000E+00
9.186E-03 2.051E-02
4.274E-02 9.677E-02
7.338E-03 7.637E-03
3.704E-02 8.658E-03
0.000E+00 1.875E-02
1.522E-01 2.174E-02
9.756E-02 2.143E-02
0.000E+00 7.907E-02
2.703E-01 3.008E-02
1.000E-01 3.685E-02
1.731E-01 4.000E-01
6.221E-02 1.556E-01
0.000E+00 6.250E-02
1.200E-01 0.000E+00
2.500E-01 2.500E-01
6.061E-01 0.000E+00
0.000E+00 5.161E-02
2.295E-01 0.000E+00
1.082E-01 2.219E-01
7.778E-01 6.667E-02
1.667E-01 0.000E+00
2.222E-01 4.772E-01
1.165E+00 0.000E+00
0.000E+00 6.061E-02
3.333E-01 2.000E+00
2.842E-01 3.868E-01
5.000E-01 9.677E-02
4.194E-01 0.000E+00
3.673E-01 6.713E-01
1.575E+00 7.435E-03
1.207E-02 2.019E-02
1.515E-02 1.406E-01
1.924E-03 7.987E-03
1.429E-01 7.067E-03
9.091E-02 1.481E-02
0.000E+00 3.596E-02
0.000E+00 0.000E+00
3.333E-01 4.651E-02
1.250E-01 3.659E-02
0.000E+00 4.323E-02
6.250E-02 0.000E+00
7.509E-02 1.735E-01
0.000E+00 0.000E+00
3.077E-01 0.000E+00
2.000E-01 2.891E-01
6.071E-01 0.000E+00
0.000E+00 1.231E-01
1.250E-01 0.000E+00
1.478E-01 2.037E-01
1.000E+00 1.579E-01
1.538E-01 0.000E+00
2.642E-01 6.763E-01
2.182E+00 0.000E+00
0.000E+00 3.750E-01
7.500E-01 0.000E+00
1.304E-01 7.143E-01
4.000E+00 3.333E-01
2.000E-01 0.000E+00
8.333E-01 7.397E-01
2.698E+00 0.000E+00
9.186E-03 2.051E-02
4.274E-02 9.677E-02
7.338E-03 7.637E-03
3.704E-02 8.658E-03
0.000E+00 1.875E-02
1.522E-01 2.174E-02
9.756E-02 2.143E-02
0.000E+00 7.907E-02
2.703E-01 3.008E-02
1.000E-01 3.685E-02
1.731E-01 4.000E-01
6.221E-02 1.556E-01
0.000E+00 6.250E-02
1.200E-01 0.000E+00
2.500E-01 2.500E-01
6.061E-01 0.000E+00
0.000E+00 5.161E-02
2.295E-01 0.000E+00
1.082E-01 2.219E-01
7.778E-01 6.667E-02
1.667E-01 0.000E+00
2.222E-01 4.772E-01
1.165E+00 0.000E+00
0.000E+00 6.061E-02
3.333E-01 2.000E+00
2.842E-01 3.868E-01
5.000E-01 9.677E-02
4.194E-01 0.000E+00
3.673E-01 6.713E-01
1.575E+00 7.435E-03
1.207E-02 2.019E-02
1.515E-02 1.406E-01
1.924E-03 7.987E-03
1.429E-01 7.067E-03
9.091E-02 1.481E-02
0.000E+00 3.596E-02
0.000E+00 0.000E+00
3.333E-01 4.651E-02
1.250E-01 3.659E-02
0.000E+00 4.323E-02
6.250E-02 0.000E+00
7.509E-02 1.735E-01
0.000E+00 0.000E+00
3.077E-01 0.000E+00
2.000E-01 2.891E-01
6.071E-01 0.000E+00
0.000E+00 1.231E-01
1.250E-01 0.000E+00
1.478E-01 2.037E-01
1.000E+00 1.579E-01
1.538E-01 0.000E+00
2.642E-01 6.763E-01
2.182E+00 0.000E+00
0.000E+00 3.750E-01
7.500E-01 0.000E+00
1.304E-01 7.143E-01
4.000E+00 3.333E-01
2.000E-01 0.000E+00
8.333E-01 7.397E-01
2.698E+00 0.000E+00
9.186E-03 2.051E-02
4.274E-02 9.677E-02
7.338E-03 7.637E-03
3.704E-02 8.658E-03
0.000E+00 1.875E-02
1.522E-01 2.174E-02
9.756E-02 2.143E-02
0.000E+00 7.907E-02
2.703E-01 3.008E-02
1.000E-01 3.685E-02
1.731E-01 4.000E-01
6.221E-02 1.556E-01
0.000E+00 6.250E-02
1.200E-01 0.000E+00
2.500E-01 2.500E-01
6.061E-01 0.000E+00
0.000E+00 5.161E-02
2.295E-01 0.000E+00
1.082E-01 2.219E-01
7.778E-01 6.667E-02
1.667E-01 0.000E+00
2.222E-01 4.772E-01
1.165E+00 0.000E+00
0.000E+00 6.061E-02
3.333E-01 2.000E+00
2.842E-01 3.868E-01
5.000E-01 9.677E-02
4.194E-01 0.000E+00
3.673E-01 6.713E-01
1.575E+00 7.435E-03
1.207E-02 2.019E-02
1.515E-02 1.406E-01
1.924E-03 7.987E-03
1.429E-01 7.067E-03
9.091E-02 1.481E-02
0.000E+00 3.596E-02
0.000E+00 0.000E+00
3.333E-01 4.651E-02
1.250E-01 3.659E-02
0.000E+00 4.323E-02
6.250E-02 0.000E+00
7.509E-02 1.735E-01
0.000E+00 0.000E+00
3.077E-01 0.000E+00
2.000E-01 2.891E-01
6.071E-01 0.000E+00
0.000E+00 1.231E-01
1.250E-01 0.000E+00
1.478E-01 2.037E-01
1.000E+00 1.579E-01
1.538E-01 0.000E+00
2.642E-01 6.763E-01
2.182E+00 0.000E+00
0.000E+00 3.750E-01
7.500E-01 0.000E+00
1.304E-01 7.143E-01
4.000E+00 3.333E-01
2.000E-01 0.000E+00
8.333E-01 7.397E-01
2.698E+00 0.000E+00
9.186E-03 2.051E-02
4.274E-02 9.677E-02
7.338E-03 7.637E-03
3.704E-02 8.658E-03
0.000E+00 1.875E-02
1.522E-01 2.174E-02
9.756E-02 2.143E-02
0.000E+00 7.907E-02
2.703E-01 3.008E-02
1.000E-01 3.685E-02
1.731E-01 4.000E-01
6.221E-02 1.556E-01
0.000E+00 6.250E-02
1.200E-01 0.000E+00
2.500E-01 2.500E-01
6.061E-01 0.000E+00
0.000E+00 5.161E-02
2.295E-01 0.000E+00
1.082E-01 2.219E-01
7.778E-01 6.667E-02
1.667E-01 0.000E+00
2.222E-01 4.772E-01
1.165E+00 0.000E+00
0.000E+00 6.061E-02
3.333E-01 2.000E+00
2.842E-01 3.868E-01
5.000E-01 9.677E-02
4.194E-01 0.000E+00
3.673E-01 6.713E-01
1.575E+00 7.435E-03
1.207E-02 2.019E-02
1.515E-02 1.406E-01
1.924E-03 7.987E-03
1.429E-01 7.067E-03
9.091E-02 1.481E-02
0.000E+00 3.596E-02
0.000E+00 0.000E+00
3.333E-01 4.651E-02
1.250E-01 3.659E-02
0.000E+00 4.323E-02
6.250E-02 0.000E+00
7.509E-02 1.735E-01
0.000E+00 0.000E+00
3.077E-01 0.000E+00
2.000E-01 2.891E-01
6.071E-01 0.000E+00
0.000E+00 1.231E-01
1.250E-01 0.000E+00
1.478E-01 2.037E-01
1.000E+00 1.579E-01
1.538E-01 0.000E+00
2.642E-01 6.763E-01
2.182E+00 0.000E+00
0.000E+00 3.750E-01
7.500E-01 0.000E+00
1.304E-01 7.143E-01
4.000E+00 3.333E-01
2.000E-01 0.000E+00
8.333E-01 7.397E-01
2.698E+00 0.000E+00
9.186E-03 2.051E-02
4.274E-02 9.677E-02
7.338E-03 7.637E-03
3.704E-02 8.658E-03
0.000E+00 1.875E-02
1.522E-01 2.174E-02
9.756E-02 2.143E-02
0.000E+00 7.907E-02
2.703E-01 3.008E-02
1.000E-01 3.685E-02
1.731E-01 4.000E-01
6.221E-02 1.556E-01
0.000E+00 6.250E-02
1.200E-01 0.000E+00
2.500E-01 2.500E-01
6.061E-01 0.000E+00
0.000E+00 5.161E-02
2.295E-01 0.000E+00
1.082E-01 2.219E-01
7.778E-01 6.667E-02
1.667E-01 0.000E+00
2.222E-01 4.772E-01
1.165E+00 0.000E+00
0.000E+00 6.061E-02
3.333E-01 2.000E+00
2.842E-01 3.868E-01
5.000E-01 9.677E-02
4.194E-01 0.000E+00
3.673E-01 6.713E-01
1.575E+00 7.435E-03
1.207E-02 2.019E-02
1.515E-02 1.406E-01
1.924E-03 7.987E-03
1.429E-01 7.067E-03
9.091E-02 1.481E-02
0.000E+00 3.596E-02
0.000E+00 0.000E+00
3.333E-01 4.651E-02
1.250E-01 3.659E-02
0.000E+00 4.323E-02
6.250E-02 0.000E+00
7.509E-02 1.735E-01
0.000E+00 0.000E+00
3.077E-01 0.000E+00
2.000E-01 2.891E-01
6.071E-01 0.000E+00
0.000E+00 1.231E-01
1.250E-01 0.000E+00
1.478E-01 2.037E-01
1.000E+00 1.579E-01
1.538E-01 0.000E+00
2.642E-01 6.763E-01
2.182E+00 0.000E+00
0.000E+00 3.750E-01
7.500E-01 0.000E+00
1.304E-01 7.143E-01
4.000E+00 3.333E-01
2.000E-01 0.000E+00
8.333E-01 7.397E-01
2.698E+00 0.000E+00
9.186E-03 2.051E-02
4.274E-02 9.677E-02
7.338E-03 7.637E-03
3.704E-02 8.658E-03
0.000E+00 1.875E-02
1.522E-01 2.174E-02
9.756E-02 2.143E-02
0.000E+00 7.907E-02
2.703E-01 3.008E-02
1.000E-01 3.685E-02
1.731E-01 4.000E-01
6.221E-02 1.556E-01
0.000E+00 6.250E-02
1.200E-01 0.000E+00
2.500E-01 2.500E-01
6.061E-01 0.000E+00
0.000E+00 5.161E-02
2.295E-01 0.000E+00
1.082E-01 2.219E-01
7.778E-01 6.667E-02
1.667E-01 0.000E+00
2.222E-01 4.772E-01
1.165E+00 0.000E+00
0.000E+00 6.061E-02
3.333E-01 2.000E+00
2.842E-01 3.868E-01
5.000E-01 9.677E-02
4.194E-01 0.000E+00
3.673E-01 6.713E-01
1.575E+00 7.435E-03
1.207E-02 2.019E-02
1.515E-02 1.406E-01
1.924E-03 7.987E-03
1.429E-01 7.067E-03
9.091E-02 1.481E-02
0.000E+00 3.596E-02
0.000E+00 0.000E+00
3.333E-01 4.651E-02
1.250E-01 3.659E-02
0.000E+00 4.323E-02
6.250E-02 0.000E+00
7.509E-02 1.735E-01
0.000E+00 0.000E+00
3.077E-01 0.000E+00
2.000E-01 2.891E-01
6.071E-01 0.000E+00
0.000E+00 1.231E-01
1.250E-01 0.000E+00
1.478E-01 2.037E-01
1.000E+00 1.579E-01
1.538E-01 0.000E+00
2.642E-01 6.763E-01
2.182E+00 0.000E+00
0.000E+00 3.750E-01
7.500E-01 0.000E+00
1.304E-01 7.143E-01
4.000E+00 3.333E-01
2.000E-01 0.000E+00
8.333E-01 7.397E-01
2.698E+00 0.000E+00
9.186E-03 2.051E-02
4.274E-02 9.677E-02
7.338E-03 7.637E-03
3.704E-02 8.658E-03
0.000E+00 1.875E-02
1.522E-01 2.174E-02
9.756E-02 2.143E-02
0.000E+00 7.907E-02
2.703E-01 3.008E-02
1.000E-01 3.685E-02
1.731E-01 4.000E-01
6.221E-02 1.556E-01
0.000E+00 6.250E-02
1.200E-01 0.000E+00
2.500E-01 2.500E-01
6.061E-01 0.000E+00
0.000E+00 5.161E-02
2.295E-01 0.000E+00
1.082E-01 2.219E-01
7.778E-01 6.667E-02
1.667E-01 0.000E+00
2.222E-01 4.772E-01
1.165E+00 0.000E+00
0.000E+00 6.061E-02
3.333E-01 2.000E+00
2.842E-01 3.868E-01
5.000E-01 9.677E-02
4.194E-01 0.000E+00
3.673E-01 6.713E-01
1.575E+00 7.435E-03
1.207E-02 2.019E-02
1.515E-02 1.406E-01
1.924E-03 7.987E-03
1.429E-01 7.067E-03
9.091E-02 1.481E-02
0.000E+00 3.596E-02
0.000E+00 0.000E+00
3.333E-01 4.651E-02
1.250E-01 3.659E-02
0.000E+00 4.323E-02
6.250E-02 0.000E+00
7.509E-02 1.735E-01
0.000E+00 0.000E+00
3.077E-01 0.000E+00
2.000E-01 2.891E-01
6.071E-01 0.000E+00
0.000E+00 1.231E-01
1.250E-01 0.000E+00
1.478E-01 2.037E-01
1.000E+00 1.579E-01
1.538E-01 0.000E+00
2.642E-01 6.763E-01
2.182E+00 0.000E+00
0.000E+00 3.750E-01
7.500E-01 0.000E+00
1.304E-01 7.143E-01
4.000E+00 3.333E-01
2.000E-01 0.000E+00
8.333E-01 7.397E-01
2.698E+00 0.000E+00
9.186E-03 2.051E-02
4.274E-02 9.677E-02
7.338E-03 7.637E-03
3.704E-02 8.658E-03
0.000E+00 1.875E-02
1.522E-01 2.174E-02
9.756E-02 2.143E-02
0.000E+00 7.907E-02
2.703E-01 3.008E-02
1.000E-01 3.685E-02
1.731E-01 4.000E-01
6.221E-02 1.556E-01
0.000E+00 6.250E-02
1.200E-01 0.000E+00
2.500E-01 2.500E-01
6.061E-01 0.000E+00
0.000E+00 5.161E-02
2.295E-01 0.000E+00
1.082E-01 2.219E-01
7.778E-01 6.667E-02
1.667E-01 0.000E+00
2.222E-01 4.772E-01
1.165E+00 0.000E+00
0.000E+00 6.061E-02
3.333E-01 2.000E+00
2.842E-01 3.868E-01
5.000E-01 9.677E-02
4.194E-01 0.000E+00
3.673E-01 6.713E-01
1.575E+00 7.435E-03
1.207E-02 2.019E-02
1.515E-02 1.406E-01
1.924E-03 7.987E-03
1.429E-01 7.067E-03
9.091E-02 1.481E-02
0.000E+00 3.596E-02
0.000E+00 0.000E+00
3.333E-01 4.651E-02
1.250E-01 3.659E-02
0.000E+00 4.323E-02
6.250E-02 0.000E+00
7.509E-02 1.735E-01
0.000E+00 0.000E+00
3.077E-01 0.000E+00
2.000E-01 2.891E-01
6.071E-01 0.000E+00
0.000E+00 1.231E-01
1.250E-01 0.000E+00
1.478E-01 2.037E-01
1.000E+00 1.579E-01
1.538E-01 0.000E+00
2.642E-01 6.763E-01
2.182E+00 0.000E+00
0.000E+00 3.750E-01
7.500E-01 0.000E+00
1.304E-01 7.143E-01
4.000E+00 3.333E-01
2.000E-01 0.000E+00
8.333E-01 7.397E-01
2.698E+00 0.000E+00
9.186E-03 2.051E-02
4.274E-02 9.677E-02
7.338E-03 7.637E-03
3.704E-02 8.658E-03
0.000E+00 1.875E-02
1.522E-01 2.174E-02
9.756E-02 2.143E-02
0.000E+00 7.907E-02
2.703E-01 3.008E-02
1.000E-01 3.685E-02
1.731E-01 4.000E-01
6.221E-02 1.556E-01
0.000E+00 6.250E-02
1.200E-01 0.000E+00
2.500E-01 2.500E-01
6.061E-01 0.000E+00
0.000E+00 5.161E-02
2.295E-01 0.000E+00
1.082E-01 2.219E-01
7.778E-01 6.667E-02
1.667E-01 0.000E+00
2.222E-01 4.772E-01
1.165E+00 0.000E+00
0.000E+00 6.061E-02
3.333E-01 2.000E+00
2.842E-01 3.868E-01
5.000E-01 9.677E-02
4.194E-01 0.000E+00
3.673E-01 6.713E-01
1.575E+00 7.435E-03
1.207E-02 2.019E-02
1.515E-02 1.406E-01
1.924E-03 7.987E-03
1.429E-01 7.067E-03
9.091E-02 1.481E-02
0.000E+00 3.596E-02
0.000E+00 0.000E+00
3.333E-01 4.651E-02
1.250E-01 3.659E-02
0.000E+00 4.323E-02
6.250E-02 0.000E+00
7.509E-02 1.735E-01
0.000E+00 0.000E+00
3.077E-01 0.000E+00
2.000E-01 2.891E-01
6.071E-01 0.000E+00
0.000E+00 1.231E-01
1.250E-01 0.000E+00
1.478E-01 2.037E-01
1.000E+00 1.579E-01
1.538E-01 0.000E+00
2.642E-01 6.763E-01
2.182E+00 0.000E+00
0.000E+00 3.750E-01
7.500E-01 0.000E+00
1.304E-01 7.143E-01
4.000E+00 3.333E-01
2.000E-01 0.000E+00
8.333E-01 7.397E-01
2.698E+00 0.000E+00
9.186E-03 2.051E-02
4.274E-02 9.677E-02
7.338E-03 7.637E-03
3.704E-02 8.658E-03
0.000E+00 1.875E-02
1.522E-01 2.174E-02
9.756E-02 2.143E-02
0.000E+00 7.907E-02
2.703E-01 3.008E-02
1.000E-01 3.685E-02
1.731E-01 4.000E-01
6.221E-02 1.556E-01
0.000E+00 6.250E-02
1.200E-01 0.000E+00
2.500E-01 2.500E-01
6.061E-01 0.000E+00
0.000E+00 5.161E-02
2.295E-01 0.000E+00
1.082E-01 2.219E-01
7.778E-01 6.667E-02
1.667E-01 0.000E+00
2.222E-01 4.772E-01
1.165E+00 0.000E+00
0.000E+00 6.061E-02
3.333E-01 2.000E+00
2.842E-01 3.868E-01
5.000E-01 9.677E-02
4.194E-01 0.000E+00
3.673E-01 6.713E-01
1.575E+00 7.435E-03
1.207E-02 2.019E-02
1.515E-02 1.406E-01
1.924E-03 7.987E-03
1.429E-01 7.067E-03
9.091E-02 1.481E-02
0.000E+00 3.596E-02
0.000E+00 0.000E+00
3.333E-01 4.651E-02
1.250E-01 3.659E-02
0.000E+00 4.323E-02
6.250E-02 0.000E+00
7.509E-02 1.735E-01
0.000E+00 0.000E+00
3.077E-01 0.000E+00
2.000E-01 2.891E-01
6.071E-01 0.000E+00
0.000E+00 1.231E-01
1.250E-01 0.000E+00
1.478E-01 2.037E-01
1.000E+00 1.579E-01
1.538E-01 0.000E+00
2.642E-01 6.763E-01
2.182E+00 0.000E+00
0.000E+00 3.750E-01
7.500E-01 0.000E+00
1.304E-01 7.143E-01
4.000E+00 3.333E-01
2.000E-01 0.000E+00
8.333E-01 7.397E-01
2.698E+00 0.000E+00
9.186E-03 2.051E-02
4.274E-02 9.677E-02
7.338E-03 7.637E-03
3.704E-02 8.658E-03
0.000E+00 1.875E-02
1.522E-01 2.174E-02
9.756E-02 2.143E-02
0.000E+00 7.907E-02
2.703E-01 3.008E-02
1.000E-01 3.685E-02
1.731E-01 4.000E-01
6.221E-02 1.556E-01
0.000E+00 6.250E-02
1.200E-01 0.000E+00
2.500E-01 2.500E-01
6.061E-01 0.000E+00
0.000E+00 5.161E-02
2.295E-01 0.000E+00
1.082E-01 2.219E-01
7.778E-01 6.667E-02
1.667E-01 0.000E+00
2.222E-01 4.772E-01
1.165E+00 0.000E+00
0.000E+00 6.061E-02
3.333E-01 2.000E+00
2.842E-01 3.868E-01
5.000E-01 9.677E-02
4.194E-01 0.000E+00
3.673E-01 6.713E-01
1.575E+00 7.435E-03
1.207E-02 2.019E-02
1.515E-02 1.406E-01
1.924E-03 7.987E-03
1.429E-01 7.067E-03
9.091E-02 1.481E-02
0.000E+00 3.596E-02
0.000E+00 0.000E+00
3.333E-01 4.651E-02
1.250E-01 3.659E-02
0.000E+00 4.323E-02
6.250E-02 0.000E+00
7.509E-02 1.735E-01
0.000E+00 0.000E+00
3.077E-01 0.000E+00
2.000E-01 2.891E-01
6.071E-01 0.000E+00
0.000E+00 1.231E-01
1.250E-01 0.000E+00
1.478E-01 2.037E-01
1.000E+00 1.579E-01
1.538E-01 0.000E+00
2.642E-01 6.763E-01
2.182E+00 0.000E+00
0.000E+00 3.750E-01
7.500E-01 0.000E+00
1.304E-01 7.143E-01
4.000E+00 3.333E-01
2.000E-01 0.000E+00
8.333E-01 7.397E-01
2.698E+00 0.000E+00
9.186E-03 2.051E-02
4.274E-02 9.677E-02
7.338E-03 7.637E-03
3.704E-02 8.658E-03
0.000E+00 1.875E-02
1.522E-01 2.174E-02
9.756E-02 2.143E-02
0.000E+00 7.907E-02
2.703E-01 3.008E-02
1.000E-01 3.685E-02
1.731E-01 4.000E-01
6.221E-02 1.556E-01
0.000E+00 6.250E-02
1.200E-01 0.000E+00
2.500E-01 2.500E-01
6.061E-01 0.000E+00
0.000E+00 5.161E-02
2.295E-01 0.000E+00
1.082E-01 2.219E-01
7.778E-01 6.667E-02
1.667E-01 0.000E+00
2.222E-01 4.772E-01
1.165E+00 0.000E+00
0.000E+00 6.061E-02
3.333E-01 2.000E+00
2.842E-01 3.868E-01
5.000E-01 9.677E-02
4.194E-01 0.000E+00
3.673E-01 6.713E-01
1.575E+00 7.435E-03
1.207E-02 2.019E-02
1.515E-02 1.406E-01
1.924E-03 7.987E-03
1.429E-01 7.067E-03
9.091E-02 1.481E-02
0.000E+00 3.596E-02
0.000E+00 0.000E+00
3.333E-01 4.651E-02
1.250E-01 3.659E-02
0.000E+00 4.323E-02
6.250E-02 0.000E+00
7.509E-02 1.735E-01
0.000E+00 0.000E+00
3.077E-01 0.000E+00
2.000E-01 2.891E-01
6.071E-01 0.000E+00
0.000E+00 1.231E-01
1.250E-01 0.000E+00
1.478E-01 2.037E-01
1.000E+00 1.579E-01
1.538E-01 0.000E+00
2.642E-01 6.763E-01
2.182E+00 0.000E+00
0.000E+00 3.750E-01
7.500E-01 0.000E+00
1.304E-01 7.143E-01
4.000E+00 3.333E-01
2.000E-01 0.000E+00
8.333E-01 7.397E-01
2.698E+00 0.000E+00
9.186E-03 2.051E-02
4.274E-02 9.677E-02
7.338E-03 7.637E-03
3.704E-02 8.658E-03
0.000E+00 1.875E-02
1.522E-01 2.174E-02
9.756E-02 2.143E-02
0.000E+00 7.907E-02
2.703E-01 3.008E-02
1.000E-01 3.685E-02
1.731E-01 4.000E-01
6.221E-02 1.556E-01
0.000E+00 6.250E-02
1.200E-01 0.000E+00
2.500E-01 2.500E-01
6.061E-01 0.000E+00
0.000E+00 5.161E-02
2.295E-01 0.000E+00
1.082E-01 2.219E-01
7.778E-01 6.667E-02
1.667E-01 0.000E+00
2.222E-01 4.772E-01
1.165E+00 0.000E+00
0.000E+00 6.061E-02
3.333E-01 2.000E+00
2.842E-01 3.868E-01
5.000E-01 9.677E-02
4.194E-01 0.000E+00
3.673E-01 6.713E-01
1.575E+00 7.435E-03
1.207E-02 2.019E-02
1.515E-02 1.406E-01
1.924E-03 7.987E-03
1.429E-01 7.067E-03
9.091E-02 1.481E-02
0.000E+00 3.596E-02
0.000E+00 0.000E+00
3.333E-01 4.651E-02
1.250E-01 3.659E-02
0.000E+00 4.323E-02
6.250E-02 0.000E+00
7.509E-02 1.735E-01
0.000E+00 0.000E+00
3.077E-01 0.000E+00
2.000E-01 2.891E-01
6.071E-01 0.000E+00
0.000E+00 1.231E-01
1.250E-01 0.000E+00
1.478E-01 2.037E-01
1.000E+00 1.579E-01
1.538E-01 0.000E+00
2.642E-01 6.763E-01
2.182E+00 0.000E+00
0.000E+00 3.750E-01
7.500E-01 0.000E+00
1.304E-01 7.143E-01
4.000E+00 3.333E-01
2.000E-01 0.000E+00
8.333E-01 7.397E-01
2.698E+00 0.000E+00
9.186E-03 2.051E-02
4.274E-02 9.677E-02
7.338E-03 7.637E-03
3.704E-02 8.658E-03
0.000E+00 1.875E-02
1.522E-01 2.174E-02
9.756E-02 2.143E-02
0.000E+00 7.907E-02
2.703E-01 3.008E-02
1.000E-01 3.685E-02
1.731E-01 4.000E-01
6.221E-02 1.556E-01
0.000E+00 6.250E-02
1.200E-01 0.000E+00
2.500E-01 2.500E-01
6.061E-01 0.000E+00
0.000E+00 5.161E-02
2.295E-01 0.000E+00
1.082E-01 2.219E-01
7.778E-01 6.667E-02
1.667E-01 0.000E+00
2.222E-01 4.772E-01
1.165E+00 0.000E+00
0.000E+00 6.061E-02
3.333E-01 2.000E+00
2.842E-01 3.868E-01
5.000E-01 9.677E-02
4.194E-01 0.000E+00
3.673E-01 6.713E-01
1.575E+00 7.435E-03
1.207E-02 2.019E-02
1.515E-02 1.406E-01
1.924E-03 7.987E-03
1.429E-01 7.067E-03
9.091E-02 1.481E-02
0.000E+00 3.596E-02
0.000E+00 0.000E+00
3.333E-01 4.651E-02
1.250E-01 3.659E-02
0.000E+00 4.323E-02
6.250E-02 0.000E+00
7.509E-02 1.735E-01
0.000E+00 0.000E+00
3.077E-01 0.000E+00
2.000E-01 2.891E-01
6.071E-01 0.000E+00
0.000E+00 1.231E-01
1.250E-01 0.000E+00
1.478E-01 2.037E-01
1.000E+00 1.579E-01
1.538E-01 0.000E+00
2.642E-01 6.763E-01
2.182E+00 0.000E+00
0.000E+00 3.750E-01
7.500E-01 0.000E+00
1.304E-01 7.143E-01
4.000E+00 3.333E-01
2.000E-01 0.000E+00
8.333E-01 7.397E-01
2.698E+00 0.000E+00
9.186E-03 2.051E-02
4.274E-02 9.677E-02
7.338E-03 7.637E-03
3.704E-02 8.658E-03
0.000E+00 1.875E-02
1.522E-01 2.174E-02
9.756E-02 2.143E-02
0.000E+00 7.907E-02
2.703E-01 3.008E-02
1.000E-01 3.685E-02
1.731E-01 4.000E-01
6.221E-02 1.556E-01
0.000E+00 6.250E-02
1.200E-01 0.000E+00
2.500E-01 2.500E-01
6.061E-01 0.000E+00
0.000E+00 5.161E-02
2.295E-01 0.000E+00
1.082E-01 2.219E-01
7.778E-01 6.667E-02
1.667E-01 0.000E+00
2.222E-01 4.772E-01
1.165E+00 0.000E+00
0.000E+00 6.061E-02
3.333E-01 2.000E+00
2.842E-01 3.868E-01
5.000E-01 9.677E-02
4.194E-01 0.000E+00
3.673E-01 6.713E-01
1.575E+00 7.435E-03
1.207E-02 2.019E-02
1.515E-02 1.406E-01
1.924E-03 7.987E-03
1.429E-01 7.067E-03
9.091E-02 1.481E-02
0.000E+00 3.596E-02
0.000E+00 0.000E+00
3.333E-01 4.651E-02
1.250E-01 3.659E-02
0.000E+00 4.323E-02
6.250E-02 0.000E+00
7.509E-02 1.735E-01
0.000E+00 0.000E+00
3.077E-01 0.000E+00
2.000E-01 2.891E-01
6.071E-01 0.000E+00
0.000E+00 1.231E-01
1.250E-01 0.000E+00
1.478E-01 2.037E-01
1.000E+00 1.579E-01
1.538E-01 0.000E+00
2.642E-01 6.763E-01
2.182E+00 0.000E+00
0.000E+00 3.750E-01
7.500E-01 0.000E+00
1.304E-01 7.143E-01
4.000E+00 3.333E-01
2.000E-01 0.000E+00
8.333E-01 7.397E-01
2.698E+00 0.000E+00
9.186E-03 2.051E-02
4.274E-02 9.677E-02
7.338E-03 7.637E-03
3.704E-02 8.658E-03
0.000E+00 1.875E-02
1.522E-01 2.174E-02
9.756E-02 2.143E-02
0.000E+00 7.907E-02
2.703E-01 3.008E-02
1.000E-01 3.685E-02
1.731E-01 4.000E-01
6.221E-02 1.556E-01
0.000E+00 6.250E-02
1.200E-01 0.000E+00
2.500E-01 2.500E-01
6.061E-01 0.000E+00
0.000E+00 5.161E-02
2.295E-01 0.000E+00
1.082E-01 2.219E-01
7.778E-01 6.667E-02
1.667E-01 0.000E+00
2.222E-01 4.772E-01
1.165E+00 0.000E+00
0.000E+00 6.061E-02
3.333E-01 2.000E+00
2.842E-01 3.868E-01
5.000E-01 9.677E-02
4.194E-01 0.000E+00
3.673E-01 6.713E-01
1.575E+00 7.435E-03
1.207E-02 2.019E-02
1.515E-02 1.406E-01
1.924E-03 7.987E-03
1.429E-01 7.067E-03
9.091E-02 1.481E-02
0.000E+00 3.596E-02
0.000E+00 0.000E+00
3.333E-01 4.651E-02
1.250E-01 3.659E-02
0.000E+00 4.323E-02
6.250E-02 0.000E+00
7.509E-02 1.735E-01
0.000E+00 0.000E+00
3.077E-01 0.000E+00
2.000E-01 2.891E-01
6.071E-01 0.000E+00
0.000E+00 1.231E-01
1.250E-01 0.000E+00
1.478E-01 2.037E-01
1.000E+00 1.579E-01
1.538E-01 0.000E+00
2.642E-01 6.763E-01
2.182E+00 0.000E+00
0.000E+00 3.750E-01
7.500E-01 0.000E+00
1.304E-01 7.143E-01
4.000E+00 3.333E-01
2.000E-01 0.000E+00
8.333E-01 7.397E-01
2.698E+00 0.000E+00
9.186E-03 2.051E-02
4.274E-02 9.677E-02
7.338E-03 7.637E-03
3.704E-02 8.658E-03
0.000E+00 1.875E-02
1.522E-01 2.174E-02
9.756E-02 2.143E-02
0.000E+00 7.907E-02
2.703E-01 3.008E-02
1.000E-01 3.685E-02
1.731E-01 4.000E-01
6.221E-02 1.556E-01
0.000E+00 6.250E-02
1.200E-01 0.000E+00
2.500E-01 2.500E-01
6.061E-01 0.000E+00
0.000E+00 5.161E-02
2.295E-01 0.000E+00
1.082E-01 2.219E-01
7.778E-01 6.667E-02
1.667E-01 0.000E+00
2.222E-01 4.772E-01
1.165E+00 0.000E+00
0.000E+00 6.061E-02
3.333E-01 2.000E+00
2.842E-01 3.868E-01
5.000E-01 9.677E-02
4.194E-01 0.000E+00
3.673E-01 6.713E-01
1.575E+00 7.435E-03
1.207E-02 2.019E-02
1.515E-02 1.406E-01
1.924E-03 7.987E-03
1.429E-01 7.067E-03
9.091E-02 1.481E-02
0.000E+00 3.596E-02
0.000E+00 0.000E+00
3.333E-01 4.651E-02
1.250E-01 3.659E-02
0.000E+00 4.323E-02
6.250E-02 0.000E+00
7.509E-02 1.735E-01
0.000E+00 0.000E+00
3.077E-01 0.000E+00
2.000E-01 2.891E-01
6.071E-01 0.000E+00
0.000E+00 1.231E-01
1.250E-01 0.000E+00
1.478E-01 2.037E-01
1.000E+00 1.579E-01
1.538E-01 0.000E+00
2.642E-01 6.763E-01
2.182E+00 0.000E+00
0.000E+00 3.750E-01
7.500E-01 0.000E+00
1.304E-01 7.143E-01
4.000E+00 3.333E-01
2.000E-01 0.000E+00
8.333E-01 7.397E-01
2.698E+00 0.000E+00
9.186E-03 2.051E-02
4.274E-02 9.677E-02
7.338E-03 7.637E-03
3.704E-02 8.658E-03
0.000E+00 1.875E-02
1.522E-01 2.174E-02
9.756E-02 2.143E-02
0.000E+00 7.907E-02
2.703E-01 3.008E-02
1.000E-01 3.685E-02
1.731E-01 4.000E-01
6.221E-02 1.556E-01
0.000E+00 6.250E-02
1.200E-01 0.000E+00
2.500E-01 2.500E-01
6.061E-01 0.000E+00
0.000E+00 5.161E-02
2.295E-01 0.000E+00
1.082E-01 2.219E-01
7.778E-01 6.667E-02
1.667E-01 0.000E+00
2.222E-01 4.772E-01
1.165E+00 0.000E+00
0.000E+00 6.061E-02
3.333E-01 2.000E+00
2.842E-01 3.868E-01
5.000E-01 9.677E-02
4.194E-01 0.000E+00
3.673E-01 6.713E-01
1.575E+00 7.435E-03
1.207E-02 2.019E-02
1.515E-02 1.406E-01
1.924E-03 7.987E-03
1.429E-01 7.067E-03
9.091E-02 1.481E-02
0.000E+00 3.596E-02
0.000E+00 0.000E+00
3.333E-01 4.651E-02
1.250E-01 3.659E-02
0.000E+00 4.323E-02
6.250E-02 0.000E+00
7.509E-02 1.735E-01
0.000E+00 0.000E+00
3.077E-01 0.000E+00
2.000E-01 2.891E-01
6.071E-01 0.000E+00
0.000E+00 1.231E-01
1.250E-01 0.000E+00
1.478E-01 2.037E-01
1.000E+00 1.579E-01
1.538E-01 0.000E+00
2.642E-01 6.763E-01
2.182E+00 0.000E+00
0.000E+00 3.750E-01
7.500E-01 0.000E+00
1.304E-01 7.143E-01
4.000E+00 3.333E-01
2.000E-01 0.000E+00
8.333E-01 7.397E-01
2.698E+00 0.000E+00
9.186E-03 2.051E-02
4.274E-02 9.677E-02
7.338E-03 7.637E-03
3.704E-02 8.658E-03
0.000E+00 1.875E-02
1.522E-01 2.174E-02
9.756E-02 2.143E-02
0.000E+00 7.907E-02
2.703E-01 3.008E-02
1.000E-01 3.685E-02
1.731E-01 4.000E-01
6.221E-02 1.556E-01
0.000E+00 6.250E-02
1.200E-01 0.000E+00
2.500E-01 2.500E-01
6.061E-01 0.000E+00
0.000E+00 5.161E-02
2.295E-01 0.000E+00
1.082E-01 2.219E-01
7.778E-01 6.667E-02
1.667E-01 0.000E+00
2.222E-01 4.772E-01
1.165E+00 0.000E+00
0.000E+00 6.061E-02
3.333E-01 2.000E+00
2.842E-01 3.868E-01
5.000E-01 9.677E-02
4.194E-01 0.000E+00
3.673E-01 6.713E-01
1.575E+00 7.435E-03
1.207E-02 2.019E-02
1.515E-02 1.406E-01
1.924E-03 7.987E-03
1.429E-01 7.067E-03
9.091E-02 1.481E-02
0.000E+00 3.596E-02
0.000E+00 0.000E+00
3.333E-01 4.651E-02
1.250E-01 3.659E-02
0.000E+00 4.323E-02
6.250E-02 0.000E+00
7.509E-02 1.735E-01
0.000E+00 0.000E+00
3.077E-01 0.000E+00
2.000E-01 2.891E-01
6.071E-01 0.000E+00
0.000E+00 1.231E-01
1.250E-01 0.000E+00
1.478E-01 2.037E-01
1.000E+00 1.579E-01
1.538E-01 0.000E+00
2.642E-01 6.763E-01
2.182E+00 0.000E+00
0.000E+00 3.750E-01
7.500E-01 0.000E+00
1.304E-01 7.143E-01
4.000E+00 3.333E-01
2.000E-01 0.000E+00
8.333E-01 7.397E-01
2.698E+00 0.000E+00
9.186E-03 2.051E-02
4.274E-02 9.677E-02
7.338E-03 7.637E-03
3.704E-02 8.658E-03
0.000E+00 1.875E-02
1.522E-01 2.174E-02
9.756E-02 2.143E-02
0.000E+00 7.907E-02
2.703E-01 3.008E-02
1.000E-01 3.685E-02
1.731E-01 4.000E-01
6.221E-02 1.556E-01
0.000E+00 6.250E-02
1.200E-01 0.000E+00
2.500E-01 2.500E-01
6.061E-01 0.000E+00
0.000E+00 5.161E-02
2.295E-01 0.000E+00
1.082E-01 2.219E-01
7.778E-01 6.667E-02
1.667E-01 0.000E+00
2.222E-01 4.772E-01
1.165E+00 0.000E+00
0.000E+00 6.061E-02
3.333E-01 2.000E+00
2.842E-01 3.868E-01
5.000E-01 9.677E-02
4.194E-01 0.000E+00
3.673E-01 6.713E-01
1.575E+00 7.435E-03
1.207E-02 2.019E-02
1.515E-02 1.406E-01
1.924E-03 7.987E-03
1.429E-01 7.067E-03
9.091E-02 1.481E-02
0.000E+00 3.596E-02
0.000E+00 0.000E+00
3.333E-01 4.651E-02
1.250E-01 3.659E-02
0.000E+00 4.323E-02
6.250E-02 0.000E+00
7.509E-02 1.735E-01
0.000E+00 0.000E+00
3.077E-01 0.000E+00
2.000E-01 2.891E-01
6.071E-01 0.000E+00
0.000E+00 1.231E-01
1.250E-01 0.000E+00
1.478E-01 2.037E-01
1.000E+00 1.579E-01
1.538E-01 0.000E+00
2.642E-01 6.763E-01
2.182E+00 0.000E+00
0.000E+00 3.750E-01
7.500E-01 0.000E+00
1.304E-01 7.143E-01
4.000E+00 3.333E-01
2.000E-01 0.000E+00
8.333E-01 7.397E-01
2.698E+00 0.000E+00
9.186E-03 2.051E-02
4.274E-02 9.677E-02
7.338E-03 7.637E-03
3.704E-02 8.658E-03
0.000E+00 1.875E-02
1.522E-01 2.174E-02
9.756E-02 2.143E-02
0.000E+00 7.907E-02
2.703E-01 3.008E-02
1.000E-01 3.685E-02
1.731E-01 4.000E-01
6.221E-02 1.556E-01
0.000E+00 6.250E-02
1.200E-01 0.000E+00
2.500E-01 2.500E-01
6.061E-01 0.000E+00
0.000E+00 5.161E-02
2.295E-01 0.000E+00
1.082E-01 2.219E-01
7.778E-01 6.667E-02
1.667E-01 0.000E+00
2.222E-01 4.772E-01
1.165E+00 0.000E+00
0.000E+00 6.061E-02
3.333E-01 2.000E+00
2.842E-01 3.868E-01
5.000E-01 9.677E-02
4.194E-01 0.000E+00
3.673E-01 6.713E-01
1.575E+00 7.435E-03
1.207E-02 2.019E-02
1.515E-02 1.406E-01
1.924E-03 7.987E-03
1.429E-01 7.067E-03
9.091E-02 1.481E-02
0.000E+00 3.596E-02
0.000E+00 0.000E+00
3.333E-01 4.651E-02
1.250E-01 3.659E-02
0.000E+00 4.323E-02
6.250E-02 0.000E+00
7.509E-02 1.735E-01
0.000E+00 0.000E+00
3.077E-01 0.000E+00
2.000E-01 2.891E-01
6.071E-01 0.000E+00
0.000E+00 1.231E-01
1.250E-01 0.000E+00
1.478E-01 2.037E-01
1.000E+00 1.579E-01
1.538E-01 0.000E+00
2.642E-01 6.763E-01
2.182E+00 0.000E+00
0.000E+00 3.750E-01
7.500E-01 0.000E+00
1.304E-01 7.143E-01
4.000E+00 3.333E-01
2.000E-01 0.000E+00
8.333E-01 7.397E-01
2.698E+00 0.000E+00
9.186E-03 2.051E-02
4.274E-02 9.677E-02
7.338E-03 7.637E-03
3.704E-02 8.658E-03
0.000E+00 1.875E-02
1.522E-01 2.174E-02
9.756E-02 2.143E-02
0.000E+00 7.907E-02
2.703E-01 3.008E-02
1.000E-01 3.685E-02
1.731E-01 4.000E-01
6.221E-02 1.556E-01
0.000E+00 6.250E-02
1.200E-01 0.000E+00
2.500E-01 2.500E-01
6.061E-01 0.000E+00
0.000E+00 5.161E-02
2.295E-01 0.000E+00
1.082E-01 2.219E-01
7.778E-01 6.667E-02
1.667E-01 0.000E+00
2.222E-01 4.772E-01
1.165E+00 0.000E+00
0.000E+00 6.061E-02
3.333E-01 2.000E+00
2.842E-01 3.868E-01
5.000E-01 9.677E-02
4.194E-01 0.000E+00
3.673E-01 6.713E-01
1.575E+00 7.435E-03
1.207E-02 2.019E-02
1.515E-02 1.406E-01
1.924E-03 7.987E-03
1.429E-01 7.067E-03
9.091E-02 1.481E-02
0.000E+00 3.596E-02
0.000E+00 0.000E+00
3.333E-01 4.651E-02
1.250E-01 3.659E-02
0.000E+00 4.323E-02
6.250E-02 0.000E+00
7.509E-02 1.735E-01
0.000E+00 0.000E+00
3.077E-01 0.000E+00
2.000E-01 2.891E-01
6.071E-01 0.000E+00
0.000E+00 1.231E-01
1.250E-01 0.000E+00
1.478E-01 2.037E-01
1.000E+00 1.579E-01
1.538E-01 0.000E+00
2.642E-01 6.763E-01
2.182E+00 0.000E+00
0.000E+00 3.750E-01
7.500E-01 0.000E+00
1.304E-01 7.143E-01
4.000E+00 3.333E-01
2.000E-01 0.000E+00
8.333E-01 7.397E-01
2.698E+00 0.000E+00
9.186E-03 2.051E-02
4.274E-02 9.677E-02
7.338E-03 7.637E-03
3.704E-02 8.658E-03
0.000E+00 1.875E-02
1.522E-01 2.174E-02
9.756E-02 2.143E-02
0.000E+00 7.907E-02
2.703E-01 3.008E-02
1.000E-01 3.685E-02
1.731E-01 4.000E-01
6.221E-02 1.556E-01
0.000E+00 6.250E-02
1.200E-01 0.000E+00
2.500E-01 2.500E-01
6.061E-01 0.000E+00
0.000E+00 5.161E-02
2.295E-01 0.000E+00
1.082E-01 2.219E-01
7.778E-01 6.667E-02
1.667E-01 0.000E+00
2.222E-01 4.772E-01
1.165E+00 0.000E+00
0.000E+00 6.061E-02
3.333E-01 2.000E+00
2.842E-01 3.868E-01
5.000E-01 9.677E-02
4.194E-01 0.000E+00
3.673E-01 6.713E-01
1.575E+00 7.435E-03
1.207E-02 2.019E-02
1.515E-02 1.406E-01
1.924E-03 7.987E-03
1.429E-01 7.067E-03
9.091E-02 1.481E-02
0.000E+00 3.596E-02
0.000E+00 0.000E+00
3.333E-01 4.651E-02
1.250E-01 3.659E-02
0.000E+00 4.323E-02
6.250E-02 0.000E+00
7.509E-02 1.735E-01
0.000E+00 0.000E+00
3.077E-01 0.000E+00
2.000E-01 2.891E-01
6.071E-01 0.000E+00
0.000E+00 1.231E-01
1.250E-01 0.000E+00
1.478E-01 2.037E-01
1.000E+00 1.579E-01
1.538E-01 0.000E+00
2.642E-01 6.763E-01
2.182E+00 0.000E+00
0.000E+00 3.750E-01
7.500E-01 0.000E+00
1.304E-01 7.143E-01
4.000E+00 3.333E-01
2.000E-01 0.000E+00
8.333E-01 7.397E-01
2.698E+00 0.000E+00
9.186E-03 2.051E-02
4.274E-02 9.677E-02
7.338E-03 7.637E-03
3.704E-02 8.658E-03
0.000E+00 1.875E-02
1.522E-01 2.174E-02
9.756E-02 2.143E-02
0.000E+00 7.907E-02
2.703E-01 3.008E-02
1.000E-01 3.685E-02
1.731E-01 4.000E-01
6.221E-02 1.556E-01
0.000E+00 6.250E-02
1.200E-01 0.000E+00
2.500E-01 2.500E-01
6.061E-01 0.000E+00
0.000E+00 5.161E-02
2.295E-01 0.000E+00
1.082E-01 2.219E-01
7.778E-01 6.667E-02
1.667E-01 0.000E+00
2.222E-01 4.772E-01
1.165E+00 0.000E+00
0.000E+00 6.061E-02
3.333E-01 2.000E+00
2.842E-01 3.868E-01
5.000E-01 9.677E-02
4.194E-01 0.000E+00
3.673E-01 6.713E-01
1.575E+00 7.435E-03
1.207E-02 2.019E-02
1.515E-02 1.406E-01
1.924E-03 7.987E-03
1.429E-01 7.067E-03
9.091E-02 1.481E-02
0.000E+00 3.596E-02
0.000E+00 0.000E+00
3.333E-01 4.651E-02
1.250E-01 3.659E-02
0.000E+00 4.323E-02
6.250E-02 0.000E+00
7.509E-02 1.735E-01
0.000E+00 0.000E+00
3.077E-01 0.000E+00
2.000E-01 2.891E-01
6.071E-01 0.000E+00
0.000E+00 1.231E-01
1.250E-01 0.000E+00
1.478E-01 2.037E-01
1.000E+00 1.579E-01
1.538E-01 0.000E+00
2.642E-01 6.763E-01
2.182E+00 0.000E+00
0.000E+00 3.750E-01
7.500E-01 0.000E+00
1.304E-01 7.143E-01
4.000E+00 3.333E-01
2.000E-01 0.000E+00
8.333E-01 7.397E-01
2.698E+00 0.000E+00
9.186E-03 2.051E-02
4.274E-02 9.677E-02
7.338E-03 7.637E-03
3.704E-02 8.658E-03
0.000E+00 1.875E-02
1.522E-01 2.174E-02
9.756E-02 2.143E-02
0.000E+00 7.907E-02
2.703E-01 3.008E-02
1.000E-01 3.685E-02
1.731E-01 4.000E-01
6.221E-02 1.556E-01
0.000E+00 6.250E-02
1.200E-01 0.000E+00
2.500E-01 2.500E-01
6.061E-01 0.000E+00
0.000E+00 5.161E-02
2.295E-01 0.000E+00
1.082E-01 2.219E-01
7.778E-01 6.667E-02
1.667E-01 0.000E+00
2.222E-01 4.772E-01
1.165E+00 0.000E+00
0.000E+00 6.061E-02
3.333E-01 2.000E+00
2.842E-01 3.868E-01
5.000E-01 9.677E-02
4.194E-01 0.000E+00
3.673E-01 6.713E-01
1.575E+00 7.435E-03
1.207E-02 2.019E-02
1.515E-02 1.406E-01
1.924E-03 7.987E-03
1.429E-01 7.067E-03
9.091E-02 1.481E-02
0.000E+00 3.596E-02
0.000E+00 0.000E+00
3.333E-01 4.651E-02
1.250E-01 3.659E-02
0.000E+00 4.323E-02
6.250E-02 0.000E+00
7.509E-02 1.735E-01
0.000E+00 0.000E+00
3.077E-01 0.000E+00
2.000E-01 2.891E-01
6.071E-01 0.000E+00
0.000E+00 1.231E-01
1.250E-01 0.000E+00
1.478E-01 2.037E-01
1.000E+00 1.579E-01
1.538E-01 0.000E+00
2.642E-01 6.763E-01
2.182E+00 0.000E+00
0.000E+00 3.750E-01
7.500E-01 0.000E+00
1.304E-01 7.143E-01
4.000E+00 3.333E-01
2.000E-01 0.000E+00
8.333E-01 7.397E-01
2.698E+00 0.000E+00
9.186E-03 2.051E-02
4.274E-02 9.677E-02
7.338E-03 7.637E-03
3.704E-02 8.658E-03
0.000E+00 1.875E-02
1.522E-01 2.174E-02
9.756E-02 2.143E-02
0.000E+00 7.907E-02
2.703E-01 3.008E-02
1.000E-01 3.685E-02
1.731E-01 4.000E-01
6.221E-02 1.556E-01
0.000E+00 6.250E-02
1.200E-01 0.000E+00
2.500E-01 2.500E-01
6.061E-01 0.000E+00
0.000E+00 5.161E-02
2.295E-01 0.000E+00
1.082E-01 2.219E-01
7.778E-01 6.667E-02
1.667E-01 0.000E+00
2.222E-01 4.772E-01
1.165E+00 0.000E+00
0.000E+00 6.061E-02
3.333E-01 2.000E+00
2.842E-01 3.868E-01
5.000E-01 9.677E-02
4.194E-01 0.000E+00
3.673E-01 6.713E-01
1.575E+00 7.435E-03
1.207E-02 2.019E-02
1.515E-02 1.406E-01
1.924E-03 7.987E-03
1.429E-01 7.067E-03
9.091E-02 1.481E-02
0.000E+00 3.596E-02
0.000E+00 0.000E+00
3.333E-01 4.651E-02
1.250E-01 3.659E-02
0.000E+00 4.323E-02
6.250E-02 0.000E+00
7.509E-02 1.735E-01
0.000E+00 0.000E+00
3.077E-01 0.000E+00
2.000E-01 2.891E-01
6.071E-01 0.000E+00
0.000E+00 1.231E-01
1.250E-01 0.000E+00
1.478E-01 2.037E-01
1.000E+00 1.579E-01
1.538E-01 0.000E+00
2.642E-01 6.763E-01
2.182E+00 0.000E+00
0.000E+00 3.750E-01
7.500E-01 0.000E+00
1.304E-01 7.143E-01
4.000E+00 3.333E-01
2.000E-01 0.000E+00
8.333E-01 7.397E-01
2.698E+00 0.000E+00
9.186E-03 2.051E-02
4.274E-02 9.677E-02
7.338E-03 7.637E-03
3.704E-02 8.658E-03
0.000E+00 1.875E-02
1.522E-01 2.174E-02
9.756E-02 2.143E-02
0.000E+00 7.907E-02
2.703E-01 3.008E-02
1.000E-01 3.685E-02
1.731E-01 4.000E-01
6.221E-02 1.556E-01
0.000E+00 6.250E-02
1.200E-01 0.000E+00
2.500E-01 2.500E-01
6.061E-01 0.000E+00
0.000E+00 5.161E-02
2.295E-01 0.000E+00
1.082E-01 2.219E-01
7.778E-01 6.667E-02
1.667E-01 0.000E+00
2.222E-01 4.772E-01
1.165E+00 0.000E+00
0.000E+00 6.061E-02
3.333E-01 2.000E+00
2.842E-01 3.868E-01
5.000E-01 9.677E-02
4.194E-01 0.000E+00
3.673E-01 6.713E-01
1.575E+00 7.435E-03
1.207E-02 2.019E-02
1.515E-02 1.406E-01
1.924E-03 7.987E-03
1.429E-01 7.067E-03
9.091E-02 1.481E-02
0.000E+00 3.596E-02
0.000E+00 0.000E+00
3.333E-01 4.651E-02
1.250E-01 3.659E-02
0.000E+00 4.323E-02
6.250E-02 0.000E+00
7.509E-02 1.735E-01
0.000E+00 0.000E+00
3.077E-01 0.000E+00
2.000E-01 2.891E-01
6.071E-01 0.000E+00
0.000E+00 1.231E-01
1.250E-01 0.000E+00
1.478E-01 2.037E-01
1.000E+00 1.579E-01
1.538E-01 0.000E+00
2.642E-01 6.763E-01
2.182E+00 0.000E+00
0.000E+00 3.750E-01
7.500E-01 0.000E+00
1.304E-01 7.143E-01
4.000E+00 3.333E-01
2.000E-01 0.000E+00
8.333E-01 7.397E-01
2.698E+00 0.000E+00
9.186E-03 2.051E-02
4.274E-02 9.677E-02
7.338E-03 7.637E-03
3.704E-02 8.658E-03
0.000E+00 1.875E-02
1.522E-01 2.174E-02
9.756E-02 2.143E-02
0.000E+00 7.907E-02
2.703E-01 3.008E-02
1.000E-01 3.685E-02
1.731E-01 4.000E-01
6.221E-02 1.556E-01
0.000E+00 6.250E-02
1.200E-01 0.000E+00
2.500E-01 2.500E-01
6.061E-01 0.000E+00
0.000E+00 5.161E-02
2.295E-01 0.000E+00
1.082E-01 2.219E-01
7.778E-01 6.667E-02
1.667E-01 0.000E+00
2.222E-01 4.772E-01
1.165E+00 0.000E+00
0.000E+00 6.061E-02
3.333E-01 2.000E+00
2.842E-01 3.868E-01
5.000E-01 9.677E-02
4.194E-01 0.000E+00
3.673E-01 6.713E-01
1.575E+00 7.435E-03
1.207E-02 2.019E-02
1.515E-02 1.406E-01
1.924E-03 7.987E-03
1.429E-01 7.067E-03
9.091E-02 1.481E-02
0.000E+00 3.596E-02
0.000E+00 0.000E+00
3.333E-01 4.651E-02
1.250E-01 3.659E-02
0.000E+00 4.323E-02
6.250E-02 0.000E+00
7.509E-02 1.735E-01
0.000E+00 0.000E+00
3.077E-01 0.000E+00
2.000E-01 2.891E-01
6.071E-01 0.000E+00
0.000E+00 1.231E-01
1.250E-01 0.000E+00
1.478E-01 2.037E-01
1.000E+00 1.579E-01
1.538E-01 0.000E+00
2.642E-01 6.763E-01
2.182E+00 0.000E+00
0.000E+00 3.750E-01
7.500E-01 0.000E+00
1.304E-01 7.143E-01
4.000E+00 3.333E-01
2.000E-01 0.000E+00
8.333E-01 7.397E-01
2.698E+00 0.000E+00
9.186E-03 2.051E-02
4.274E-02 9.677E-02
7.338E-03 7.637E-03
3.704E-02 8.658E-03
0.000E+00 1.875E-02
1.522E-01 2.174E-02
9.756E-02 2.143E-02
0.000E+00 7.907E-02
2.703E-01 3.008E-02
1.000E-01 3.685E-02
1.731E-01 4.000E-01
6.221E-02 1.556E-01
0.000E+00 6.250E-02
1.200E-01 0.000E+00
2.500E-01 2.500E-01
6.061E-01 0.000E+00
0.000E+00 5.161E-02
2.295E-01 0.000E+00
1.082E-01 2.219E-01
7.778E-01 6.667E-02
1.667E-01 0.000E+00
2.222E-01 4.772E-01
1.165E+00 0.000E+00
0.000E+00 6.061E-02
3.333E-01 2.000E+00
2.842E-01 3.868E-01
5.000E-01 9.677E-02
4.194E-01 0.000E+00
3.673E-01 6.713E-01
1.575E+00 7.435E-03
1.207E-02 2.019E-02
1.515E-02 1.406E-01
1.924E-03 7.987E-03
1.429E-01 7.067E-03
9.091E-02 1.481E-02
0.000E+00 3.596E-02
0.000E+00 0.000E+00
3.333E-01 4.651E-02
1.250E-01 3.659E-02
0.000E+00 4.323E-02
6.250E-02 0.000E+00
7.509E-02 1.735E-01
0.000E+00 0.000E+00
3.077E-01 0.000E+00
2.000E-01 2.891E-01
6.071E-01 0.000E+00
0.000E+00 1.231E-01
1.250E-01 0.000E+00
1.478E-01 2.037E-01
1.000E+00 1.579E-01
1.538E-01 0.000E+00
2.642E-01 6.763E-01
2.182E+00 0.000E+00
0.000E+00 3.750E-01
7.500E-01 0.000E+00
1.304E-01 7.143E-01
4.000E+00 3.333E-01
2.000E-01 0.000E+00
8.333E-01 7.397E-01
2.698E+00 0.000E+00
9.186E-03 2.051E-02
4.274E-02 9.677E-02
7.338E-03 7.637E-03
3.704E-02 8.658E-03
0.000E+00 1.875E-02
1.522E-01 2.174E-02
9.756E-02 2.143E-02
0.000E+00 7.907E-02
2.703E-01 3.008E-02
1.000E-01 3.685E-02
1.731E-01 4.000E-01
6.221E-02 1.556E-01
0.000E+00 6.250E-02
1.200E-01 0.000E+00
2.500E-01 2.500E-01
6.061E-01 0.000E+00
0.000E+00 5.161E-02
2.295E-01 0.000E+00
1.082E-01 2.219E-01
7.778E-01 6.667E-02
1.667E-01 0.000E+00
2.222E-01 4.772E-01
1.165E+00 0.000E+00
0.000E+00 6.061E-02
3.333E-01 2.000E+00
2.842E-01 3.868E-01
5.000E-01 9.677E-02
4.194E-01 0.000E+00
3.673E-01 6.713E-01
1.575E+00 7.435E-03
1.207E-02 2.019E-02
1.515E-02 1.406E-01
1.924E-03 7.987E-03
1.429E-01 7.067E-03
9.091E-02 1.481E-02
0.000E+00 3.596E-02
0.000E+00 0.000E+00
3.333E-01 4.651E-02
1.250E-01 3.659E-02
0.000E+00 4.323E-02
6.250E-02 0.000E+00
7.509E-02 1.735E-01
0.000E+00 0.000E+00
3.077E-01 0.000E+00
2.000E-01 2.891E-01
6.071E-01 0.000E+00
0.000E+00 1.231E-01
1.250E-01 0.000E+00
1.478E-01 2.037E-01
1.000E+00 1.579E-01
1.538E-01 0.000E+00
2.642E-01 6.763E-01
2.182E+00 0.000E+00
0.000E+00 3.750E-01
7.500E-01 0.000E+00
1.304E-01 7.143E-01
4.000E+00 3.333E-01
2.000E-01 0.000E+00
8.333E-01 7.397E-01
2.698E+00 0.000E+00
9.186E-03 2.051E-02
4.274E-02 9.677E-02
7.338E-03 7.637E-03
3.704E-02 8.658E-03
0.000E+00 1.875E-02
1.522E-01 2.174E-02
9.756E-02 2.143E-02
0.000E+00 7.907E-02
2.703E-01 3.008E-02
1.000E-01 3.685E-02
1.731E-01 4.000E-01
6.221E-02 1.556E-01
0.000E+00 6.250E-02
1.200E-01 0.000E+00
2.500E-01 2.500E-01
6.061E-01 0.000E+00
0.000E+00 5.161E-02
2.295E-01 0.000E+00
1.082E-01 2.219E-01
7.778E-01 6.667E-02
1.667E-01 0.000E+00
2.222E-01 4.772E-01
1.165E+00 0.000E+00
0.000E+00 6.061E-02
3.333E-01 2.000E+00
2.842E-01 3.868E-01
5.000E-01 9.677E-02
4.194E-01 0.000E+00
3.673E-01 6.713E-01
1.575E+00 7.435E-03
1.207E-02 2.019E-02
1.515E-02 1.406E-01
1.924E-03 7.987E-03
1.429E-01 7.067E-03
9.091E-02 1.481E-02
0.000E+00 3.596E-02
0.000E+00 0.000E+00
3.333E-01 4.651E-02
1.250E-01 3.659E-02
0.000E+00 4.323E-02
6.250E-02 0.000E+00
7.509E-02 1.735E-01
0.000E+00 0.000E+00
3.077E-01 0.000E+00
2.000E-01 2.891E-01
6.071E-01 0.000E+00
0.000E+00 1.231E-01
1.250E-01 0.000E+00
1.478E-01 2.037E-01
1.000E+00 1.579E-01
1.538E-01 0.000E+00
2.642E-01 6.763E-01
2.182E+00 0.000E+00
0.000E+00 3.750E-01
7.500E-01 0.000E+00
1.304E-01 7.143E-01
4.000E+00 3.333E-01
2.000E-01 0.000E+00
8.333E-01 7.397E-01
2.698E+00 0.000E+00
9.186E-03 2.051E-02
4.274E-02 9.677E-02
7.338E-03 7.637E-03
3.704E-02 8.658E-03
0.000E+00 1.875E-02
1.522E-01 2.174E-02
9.756E-02 2.143E-02
0.000E+00 7.907E-02
2.703E-01 3.008E-02
1.000E-01 3.685E-02
1.731E-01 4.000E-01
6.221E-02 1.556E-01
0.000E+00 6.250E-02
1.200E-01 0.000E+00
2.500E-01 2.500E-01
6.061E-01 0.000E+00
0.000E+00 5.161E-02
2.295E-01 0.000E+00
1.082E-01 2.219E-01
7.778E-01 6.667E-02
1.667E-01 0.000E+00
2.222E-01 4.772E-01
1.165E+00 0.000E+00
0.000E+00 6.061E-02
3.333E-01 2.000E+00
2.842E-01 3.868E-01
5.000E-01 9.677E-02
4.194E-01 0.000E+00
3.673E-01 6.713E-01
1.575E+00 7.435E-03
1.207E-02 2.019E-02
1.515E-02 1.406E-01
1.924E-03 7.987E-03
1.429E-01 7.067E-03
9.091E-02 1.481E-02
0.000E+00 3.596E-02
0.000E+00 0.000E+00
3.333E-01 4.651E-02
1.250E-01 3.659E-02
0.000E+00 4.323E-02
6.250E-02 0.000E+00
7.509E-02 1.735E-01
0.000E+00 0.000E+00
3.077E-01 0.000E+00
2.000E-01 2.891E-01
6.071E-01 0.000E+00
0.000E+00 1.231E-01
1.250E-01 0.000E+00
1.478E-01 2.037E-01
1.000E+00 1.579E-01
1.538E-01 0.000E+00
2.642E-01 6.763E-01
2.182E+00 0.000E+00
0.000E+00 3.750E-01
7.500E-01 0.000E+00
1.304E-01 7.143E-01
4.000E+00 3.333E-01
2.000E-01 0.000E+00
8.333E-01 7.397E-01
2.698E+00 0.000E+00
9.186E-03 2.051E-02
4.274E-02 9.677E-02
7.338E-03 7.637E-03
3.704E-02 8.658E-03
0.000E+00 1.875E-02
1.522E-01 2.174E-02
9.756E-02 2.143E-02
0.000E+00 7.907E-02
2.703E-01 3.008E-02
1.000E-01 3.685E-02
1.731E-01 4.000E-01
6.221E-02 1.556E-01
0.000E+00 6.250E-02
1.200E-01 0.000E+00
2.500E-01 2.500E-01
6.061E-01 0.000E+00
0.000E+00 5.161E-02
2.295E-01 0.000E+00
1.082E-01 2.219E-01
7.778E-01 6.667E-02
1.667E-01 0.000E+00
2.222E-01 4.772E-01
1.165E+00 0.000E+00
0.000E+00 6.061E-02
3.333E-01 2.000E+00
2.842E-01 3.868E-01
5.000E-01 9.677E-02
4.194E-01 0.000E+00
3.673E-01 6.713E-01
1.575E+00 7.435E-03
1.207E-02 2.019E-02
1.515E-02 1.406E-01
