1.879E-03 1.575E-03
0.000E+00 1.420E-02
0.000E+00 7.749E-03
0.000E+00 1.483E-02
1.304E-01 2.667E-02
3.333E-01 7.463E-02
1.429E-01 0.000E+00
1.667E-01 2.550E-02
4.651E-02 0.000E+00
4.632E-02 9.172E-02
2.985E-01 4.082E-02
2.222E-01 1.000E+00
1.452E-01 2.000E-01
4.898E-01 3.333E-01
0.000E+00 1.575E-02
8.065E-02 0.000E+00
9.450E-02 1.502E-01
1.806E-01 3.704E-02
3.077E-01 0.000E+00
1.429E-01 2.336E-01
5.217E-01 0.000E+00
0.000E+00 1.020E-01
1.111E-01 0.000E+00
2.041E-01 2.042E-01
2.581E-01 1.176E-01
3.000E-01 1.000E+00
1.449E-01 4.262E-01
9.083E-01 0.000E+00
5.236E-03 1.796E-02
1.087E-02 8.333E-02
9.025E-03 1.449E-02
0.000E+00 3.776E-02
6.818E-02 5.186E-02
1.111E-01 6.939E-02
1.618E-01 1.000E-01
0.000E+00 1.636E-01
0.000E+00 4.317E-02
7.500E-02 9.491E-02
1.780E-01 2.000E-01
1.326E-01 2.425E-01
8.736E-01 2.619E-01
3.714E-01 2.000E+00
2.297E-01 3.605E-01
6.147E-01 0.000E+00
0.000E+00 9.756E-02
1.707E-01 5.000E-01
1.585E-01 3.315E-01
6.061E-01 1.400E-01
1.698E-01 5.000E-01
2.169E-01 5.850E-01
1.190E+00 0.000E+00
0.000E+00 0.000E+00
1.000E+00 0.000E+00
8.333E-02 6.364E-01
4.286E-01 5.882E-02
2.500E-01 5.000E+00
4.211E-01 4.082E-01
2.144E+00 3.003E-03
9.709E-03 2.948E-02
0.000E+00 4.286E-01
1.879E-03 1.575E-03
0.000E+00 1.420E-02
0.000E+00 7.749E-03
0.000E+00 1.483E-02
1.304E-01 2.667E-02
3.333E-01 7.463E-02
1.429E-01 0.000E+00
1.667E-01 2.550E-02
4.651E-02 0.000E+00
4.632E-02 9.172E-02
2.985E-01 4.082E-02
2.222E-01 1.000E+00
1.452E-01 2.000E-01
4.898E-01 3.333E-01
0.000E+00 1.575E-02
8.065E-02 0.000E+00
9.450E-02 1.502E-01
1.806E-01 3.704E-02
3.077E-01 0.000E+00
1.429E-01 2.336E-01
5.217E-01 0.000E+00
0.000E+00 1.020E-01
1.111E-01 0.000E+00
2.041E-01 2.042E-01
2.581E-01 1.176E-01
3.000E-01 1.000E+00
1.449E-01 4.262E-01
9.083E-01 0.000E+00
5.236E-03 1.796E-02
1.087E-02 8.333E-02
9.025E-03 1.449E-02
0.000E+00 3.776E-02
6.818E-02 5.186E-02
1.111E-01 6.939E-02
1.618E-01 1.000E-01
0.000E+00 1.636E-01
0.000E+00 4.317E-02
7.500E-02 9.491E-02
1.780E-01 2.000E-01
1.326E-01 2.425E-01
8.736E-01 2.619E-01
3.714E-01 2.000E+00
2.297E-01 3.605E-01
6.147E-01 0.000E+00
0.000E+00 9.756E-02
1.707E-01 5.000E-01
1.585E-01 3.315E-01
6.061E-01 1.400E-01
1.698E-01 5.000E-01
2.169E-01 5.850E-01
1.190E+00 0.000E+00
0.000E+00 0.000E+00
1.000E+00 0.000E+00
8.333E-02 6.364E-01
4.286E-01 5.882E-02
2.500E-01 5.000E+00
4.211E-01 4.082E-01
2.144E+00 3.003E-03
9.709E-03 2.948E-02
0.000E+00 4.286E-01
1.879E-03 1.575E-03
0.000E+00 1.420E-02
0.000E+00 7.749E-03
0.000E+00 1.483E-02
1.304E-01 2.667E-02
3.333E-01 7.463E-02
1.429E-01 0.000E+00
1.667E-01 2.550E-02
4.651E-02 0.000E+00
4.632E-02 9.172E-02
2.985E-01 4.082E-02
2.222E-01 1.000E+00
1.452E-01 2.000E-01
4.898E-01 3.333E-01
0.000E+00 1.575E-02
8.065E-02 0.000E+00
9.450E-02 1.502E-01
1.806E-01 3.704E-02
3.077E-01 0.000E+00
1.429E-01 2.336E-01
5.217E-01 0.000E+00
0.000E+00 1.020E-01
1.111E-01 0.000E+00
2.041E-01 2.042E-01
2.581E-01 1.176E-01
3.000E-01 1.000E+00
1.449E-01 4.262E-01
9.083E-01 0.000E+00
5.236E-03 1.796E-02
1.087E-02 8.333E-02
9.025E-03 1.449E-02
0.000E+00 3.776E-02
6.818E-02 5.186E-02
1.111E-01 6.939E-02
1.618E-01 1.000E-01
0.000E+00 1.636E-01
0.000E+00 4.317E-02
7.500E-02 9.491E-02
1.780E-01 2.000E-01
1.326E-01 2.425E-01
8.736E-01 2.619E-01
3.714E-01 2.000E+00
2.297E-01 3.605E-01
6.147E-01 0.000E+00
0.000E+00 9.756E-02
1.707E-01 5.000E-01
1.585E-01 3.315E-01
6.061E-01 1.400E-01
1.698E-01 5.000E-01
2.169E-01 5.850E-01
1.190E+00 0.000E+00
0.000E+00 0.000E+00
1.000E+00 0.000E+00
8.333E-02 6.364E-01
4.286E-01 5.882E-02
2.500E-01 5.000E+00
4.211E-01 4.082E-01
2.144E+00 3.003E-03
9.709E-03 2.948E-02
0.000E+00 4.286E-01
1.879E-03 1.575E-03
0.000E+00 1.420E-02
0.000E+00 7.749E-03
0.000E+00 1.483E-02
1.304E-01 2.667E-02
3.333E-01 7.463E-02
1.429E-01 0.000E+00
1.667E-01 2.550E-02
4.651E-02 0.000E+00
4.632E-02 9.172E-02
2.985E-01 4.082E-02
2.222E-01 1.000E+00
1.452E-01 2.000E-01
4.898E-01 3.333E-01
0.000E+00 1.575E-02
8.065E-02 0.000E+00
9.450E-02 1.502E-01
1.806E-01 3.704E-02
3.077E-01 0.000E+00
1.429E-01 2.336E-01
5.217E-01 0.000E+00
0.000E+00 1.020E-01
1.111E-01 0.000E+00
2.041E-01 2.042E-01
2.581E-01 1.176E-01
3.000E-01 1.000E+00
1.449E-01 4.262E-01
9.083E-01 0.000E+00
5.236E-03 1.796E-02
1.087E-02 8.333E-02
9.025E-03 1.449E-02
0.000E+00 3.776E-02
6.818E-02 5.186E-02
1.111E-01 6.939E-02
1.618E-01 1.000E-01
0.000E+00 1.636E-01
0.000E+00 4.317E-02
7.500E-02 9.491E-02
1.780E-01 2.000E-01
1.326E-01 2.425E-01
8.736E-01 2.619E-01
3.714E-01 2.000E+00
2.297E-01 3.605E-01
6.147E-01 0.000E+00
0.000E+00 9.756E-02
1.707E-01 5.000E-01
1.585E-01 3.315E-01
6.061E-01 1.400E-01
1.698E-01 5.000E-01
2.169E-01 5.850E-01
1.190E+00 0.000E+00
0.000E+00 0.000E+00
1.000E+00 0.000E+00
8.333E-02 6.364E-01
4.286E-01 5.882E-02
2.500E-01 5.000E+00
4.211E-01 4.082E-01
2.144E+00 3.003E-03
9.709E-03 2.948E-02
0.000E+00 4.286E-01
1.879E-03 1.575E-03
0.000E+00 1.420E-02
0.000E+00 7.749E-03
0.000E+00 1.483E-02
1.304E-01 2.667E-02
3.333E-01 7.463E-02
1.429E-01 0.000E+00
1.667E-01 2.550E-02
4.651E-02 0.000E+00
4.632E-02 9.172E-02
2.985E-01 4.082E-02
2.222E-01 1.000E+00
1.452E-01 2.000E-01
4.898E-01 3.333E-01
0.000E+00 1.575E-02
8.065E-02 0.000E+00
9.450E-02 1.502E-01
1.806E-01 3.704E-02
3.077E-01 0.000E+00
1.429E-01 2.336E-01
5.217E-01 0.000E+00
0.000E+00 1.020E-01
1.111E-01 0.000E+00
2.041E-01 2.042E-01
2.581E-01 1.176E-01
3.000E-01 1.000E+00
1.449E-01 4.262E-01
9.083E-01 0.000E+00
5.236E-03 1.796E-02
1.087E-02 8.333E-02
9.025E-03 1.449E-02
0.000E+00 3.776E-02
6.818E-02 5.186E-02
1.111E-01 6.939E-02
1.618E-01 1.000E-01
0.000E+00 1.636E-01
0.000E+00 4.317E-02
7.500E-02 9.491E-02
1.780E-01 2.000E-01
1.326E-01 2.425E-01
8.736E-01 2.619E-01
3.714E-01 2.000E+00
2.297E-01 3.605E-01
6.147E-01 0.000E+00
0.000E+00 9.756E-02
1.707E-01 5.000E-01
1.585E-01 3.315E-01
6.061E-01 1.400E-01
1.698E-01 5.000E-01
2.169E-01 5.850E-01
1.190E+00 0.000E+00
0.000E+00 0.000E+00
1.000E+00 0.000E+00
8.333E-02 6.364E-01
4.286E-01 5.882E-02
2.500E-01 5.000E+00
4.211E-01 4.082E-01
2.144E+00 3.003E-03
9.709E-03 2.948E-02
0.000E+00 4.286E-01
1.879E-03 1.575E-03
0.000E+00 1.420E-02
0.000E+00 7.749E-03
0.000E+00 1.483E-02
1.304E-01 2.667E-02
3.333E-01 7.463E-02
1.429E-01 0.000E+00
1.667E-01 2.550E-02
4.651E-02 0.000E+00
4.632E-02 9.172E-02
2.985E-01 4.082E-02
2.222E-01 1.000E+00
1.452E-01 2.000E-01
4.898E-01 3.333E-01
0.000E+00 1.575E-02
8.065E-02 0.000E+00
9.450E-02 1.502E-01
1.806E-01 3.704E-02
3.077E-01 0.000E+00
1.429E-01 2.336E-01
5.217E-01 0.000E+00
0.000E+00 1.020E-01
1.111E-01 0.000E+00
2.041E-01 2.042E-01
2.581E-01 1.176E-01
3.000E-01 1.000E+00
1.449E-01 4.262E-01
9.083E-01 0.000E+00
5.236E-03 1.796E-02
1.087E-02 8.333E-02
9.025E-03 1.449E-02
0.000E+00 3.776E-02
6.818E-02 5.186E-02
1.111E-01 6.939E-02
1.618E-01 1.000E-01
0.000E+00 1.636E-01
0.000E+00 4.317E-02
7.500E-02 9.491E-02
1.780E-01 2.000E-01
1.326E-01 2.425E-01
8.736E-01 2.619E-01
3.714E-01 2.000E+00
2.297E-01 3.605E-01
6.147E-01 0.000E+00
0.000E+00 9.756E-02
1.707E-01 5.000E-01
1.585E-01 3.315E-01
6.061E-01 1.400E-01
1.698E-01 5.000E-01
2.169E-01 5.850E-01
1.190E+00 0.000E+00
0.000E+00 0.000E+00
1.000E+00 0.000E+00
8.333E-02 6.364E-01
4.286E-01 5.882E-02
2.500E-01 5.000E+00
4.211E-01 4.082E-01
2.144E+00 3.003E-03
9.709E-03 2.948E-02
0.000E+00 4.286E-01
1.879E-03 1.575E-03
0.000E+00 1.420E-02
0.000E+00 7.749E-03
0.000E+00 1.483E-02
1.304E-01 2.667E-02
3.333E-01 7.463E-02
1.429E-01 0.000E+00
1.667E-01 2.550E-02
4.651E-02 0.000E+00
4.632E-02 9.172E-02
2.985E-01 4.082E-02
2.222E-01 1.000E+00
1.452E-01 2.000E-01
4.898E-01 3.333E-01
0.000E+00 1.575E-02
8.065E-02 0.000E+00
9.450E-02 1.502E-01
1.806E-01 3.704E-02
3.077E-01 0.000E+00
1.429E-01 2.336E-01
5.217E-01 0.000E+00
0.000E+00 1.020E-01
1.111E-01 0.000E+00
2.041E-01 2.042E-01
2.581E-01 1.176E-01
3.000E-01 1.000E+00
1.449E-01 4.262E-01
9.083E-01 0.000E+00
5.236E-03 1.796E-02
1.087E-02 8.333E-02
9.025E-03 1.449E-02
0.000E+00 3.776E-02
6.818E-02 5.186E-02
1.111E-01 6.939E-02
1.618E-01 1.000E-01
0.000E+00 1.636E-01
0.000E+00 4.317E-02
7.500E-02 9.491E-02
1.780E-01 2.000E-01
1.326E-01 2.425E-01
8.736E-01 2.619E-01
3.714E-01 2.000E+00
2.297E-01 3.605E-01
6.147E-01 0.000E+00
0.000E+00 9.756E-02
1.707E-01 5.000E-01
1.585E-01 3.315E-01
6.061E-01 1.400E-01
1.698E-01 5.000E-01
2.169E-01 5.850E-01
1.190E+00 0.000E+00
0.000E+00 0.000E+00
1.000E+00 0.000E+00
8.333E-02 6.364E-01
4.286E-01 5.882E-02
2.500E-01 5.000E+00
4.211E-01 4.082E-01
2.144E+00 3.003E-03
9.709E-03 2.948E-02
0.000E+00 4.286E-01
1.879E-03 1.575E-03
0.000E+00 1.420E-02
0.000E+00 7.749E-03
0.000E+00 1.483E-02
1.304E-01 2.667E-02
3.333E-01 7.463E-02
1.429E-01 0.000E+00
1.667E-01 2.550E-02
4.651E-02 0.000E+00
4.632E-02 9.172E-02
2.985E-01 4.082E-02
2.222E-01 1.000E+00
1.452E-01 2.000E-01
4.898E-01 3.333E-01
0.000E+00 1.575E-02
8.065E-02 0.000E+00
9.450E-02 1.502E-01
1.806E-01 3.704E-02
3.077E-01 0.000E+00
1.429E-01 2.336E-01
5.217E-01 0.000E+00
0.000E+00 1.020E-01
1.111E-01 0.000E+00
2.041E-01 2.042E-01
2.581E-01 1.176E-01
3.000E-01 1.000E+00
1.449E-01 4.262E-01
9.083E-01 0.000E+00
5.236E-03 1.796E-02
1.087E-02 8.333E-02
9.025E-03 1.449E-02
0.000E+00 3.776E-02
6.818E-02 5.186E-02
1.111E-01 6.939E-02
1.618E-01 1.000E-01
0.000E+00 1.636E-01
0.000E+00 4.317E-02
7.500E-02 9.491E-02
1.780E-01 2.000E-01
1.326E-01 2.425E-01
8.736E-01 2.619E-01
3.714E-01 2.000E+00
2.297E-01 3.605E-01
6.147E-01 0.000E+00
0.000E+00 9.756E-02
1.707E-01 5.000E-01
1.585E-01 3.315E-01
6.061E-01 1.400E-01
1.698E-01 5.000E-01
2.169E-01 5.850E-01
1.190E+00 0.000E+00
0.000E+00 0.000E+00
1.000E+00 0.000E+00
8.333E-02 6.364E-01
4.286E-01 5.882E-02
2.500E-01 5.000E+00
4.211E-01 4.082E-01
2.144E+00 3.003E-03
9.709E-03 2.948E-02
0.000E+00 4.286E-01
1.879E-03 1.575E-03
0.000E+00 1.420E-02
0.000E+00 7.749E-03
0.000E+00 1.483E-02
1.304E-01 2.667E-02
3.333E-01 7.463E-02
1.429E-01 0.000E+00
1.667E-01 2.550E-02
4.651E-02 0.000E+00
4.632E-02 9.172E-02
2.985E-01 4.082E-02
2.222E-01 1.000E+00
1.452E-01 2.000E-01
4.898E-01 3.333E-01
0.000E+00 1.575E-02
8.065E-02 0.000E+00
9.450E-02 1.502E-01
1.806E-01 3.704E-02
3.077E-01 0.000E+00
1.429E-01 2.336E-01
5.217E-01 0.000E+00
0.000E+00 1.020E-01
1.111E-01 0.000E+00
2.041E-01 2.042E-01
2.581E-01 1.176E-01
3.000E-01 1.000E+00
1.449E-01 4.262E-01
9.083E-01 0.000E+00
5.236E-03 1.796E-02
1.087E-02 8.333E-02
9.025E-03 1.449E-02
0.000E+00 3.776E-02
6.818E-02 5.186E-02
1.111E-01 6.939E-02
1.618E-01 1.000E-01
0.000E+00 1.636E-01
0.000E+00 4.317E-02
7.500E-02 9.491E-02
1.780E-01 2.000E-01
1.326E-01 2.425E-01
8.736E-01 2.619E-01
3.714E-01 2.000E+00
2.297E-01 3.605E-01
6.147E-01 0.000E+00
0.000E+00 9.756E-02
1.707E-01 5.000E-01
1.585E-01 3.315E-01
6.061E-01 1.400E-01
1.698E-01 5.000E-01
2.169E-01 5.850E-01
1.190E+00 0.000E+00
0.000E+00 0.000E+00
1.000E+00 0.000E+00
8.333E-02 6.364E-01
4.286E-01 5.882E-02
2.500E-01 5.000E+00
4.211E-01 4.082E-01
2.144E+00 3.003E-03
9.709E-03 2.948E-02
0.000E+00 4.286E-01
1.879E-03 1.575E-03
0.000E+00 1.420E-02
0.000E+00 7.749E-03
0.000E+00 1.483E-02
1.304E-01 2.667E-02
3.333E-01 7.463E-02
1.429E-01 0.000E+00
1.667E-01 2.550E-02
4.651E-02 0.000E+00
4.632E-02 9.172E-02
2.985E-01 4.082E-02
2.222E-01 1.000E+00
1.452E-01 2.000E-01
4.898E-01 3.333E-01
0.000E+00 1.575E-02
8.065E-02 0.000E+00
9.450E-02 1.502E-01
1.806E-01 3.704E-02
3.077E-01 0.000E+00
1.429E-01 2.336E-01
5.217E-01 0.000E+00
0.000E+00 1.020E-01
1.111E-01 0.000E+00
2.041E-01 2.042E-01
2.581E-01 1.176E-01
3.000E-01 1.000E+00
1.449E-01 4.262E-01
9.083E-01 0.000E+00
5.236E-03 1.796E-02
1.087E-02 8.333E-02
9.025E-03 1.449E-02
0.000E+00 3.776E-02
6.818E-02 5.186E-02
1.111E-01 6.939E-02
1.618E-01 1.000E-01
0.000E+00 1.636E-01
0.000E+00 4.317E-02
7.500E-02 9.491E-02
1.780E-01 2.000E-01
1.326E-01 2.425E-01
8.736E-01 2.619E-01
3.714E-01 2.000E+00
2.297E-01 3.605E-01
6.147E-01 0.000E+00
0.000E+00 9.756E-02
1.707E-01 5.000E-01
1.585E-01 3.315E-01
6.061E-01 1.400E-01
1.698E-01 5.000E-01
2.169E-01 5.850E-01
1.190E+00 0.000E+00
0.000E+00 0.000E+00
1.000E+00 0.000E+00
8.333E-02 6.364E-01
4.286E-01 5.882E-02
2.500E-01 5.000E+00
4.211E-01 4.082E-01
2.144E+00 3.003E-03
9.709E-03 2.948E-02
0.000E+00 4.286E-01
1.879E-03 1.575E-03
0.000E+00 1.420E-02
0.000E+00 7.749E-03
0.000E+00 1.483E-02
1.304E-01 2.667E-02
3.333E-01 7.463E-02
1.429E-01 0.000E+00
1.667E-01 2.550E-02
4.651E-02 0.000E+00
4.632E-02 9.172E-02
2.985E-01 4.082E-02
2.222E-01 1.000E+00
1.452E-01 2.000E-01
4.898E-01 3.333E-01
0.000E+00 1.575E-02
8.065E-02 0.000E+00
9.450E-02 1.502E-01
1.806E-01 3.704E-02
3.077E-01 0.000E+00
1.429E-01 2.336E-01
5.217E-01 0.000E+00
0.000E+00 1.020E-01
1.111E-01 0.000E+00
2.041E-01 2.042E-01
2.581E-01 1.176E-01
3.000E-01 1.000E+00
1.449E-01 4.262E-01
9.083E-01 0.000E+00
5.236E-03 1.796E-02
1.087E-02 8.333E-02
9.025E-03 1.449E-02
0.000E+00 3.776E-02
6.818E-02 5.186E-02
1.111E-01 6.939E-02
1.618E-01 1.000E-01
0.000E+00 1.636E-01
0.000E+00 4.317E-02
7.500E-02 9.491E-02
1.780E-01 2.000E-01
1.326E-01 2.425E-01
8.736E-01 2.619E-01
3.714E-01 2.000E+00
2.297E-01 3.605E-01
6.147E-01 0.000E+00
0.000E+00 9.756E-02
1.707E-01 5.000E-01
1.585E-01 3.315E-01
6.061E-01 1.400E-01
1.698E-01 5.000E-01
2.169E-01 5.850E-01
1.190E+00 0.000E+00
0.000E+00 0.000E+00
1.000E+00 0.000E+00
8.333E-02 6.364E-01
4.286E-01 5.882E-02
2.500E-01 5.000E+00
4.211E-01 4.082E-01
2.144E+00 3.003E-03
9.709E-03 2.948E-02
0.000E+00 4.286E-01
1.879E-03 1.575E-03
0.000E+00 1.420E-02
0.000E+00 7.749E-03
0.000E+00 1.483E-02
1.304E-01 2.667E-02
3.333E-01 7.463E-02
1.429E-01 0.000E+00
1.667E-01 2.550E-02
4.651E-02 0.000E+00
4.632E-02 9.172E-02
2.985E-01 4.082E-02
2.222E-01 1.000E+00
1.452E-01 2.000E-01
4.898E-01 3.333E-01
0.000E+00 1.575E-02
8.065E-02 0.000E+00
9.450E-02 1.502E-01
1.806E-01 3.704E-02
3.077E-01 0.000E+00
1.429E-01 2.336E-01
5.217E-01 0.000E+00
0.000E+00 1.020E-01
1.111E-01 0.000E+00
2.041E-01 2.042E-01
2.581E-01 1.176E-01
3.000E-01 1.000E+00
1.449E-01 4.262E-01
9.083E-01 0.000E+00
5.236E-03 1.796E-02
1.087E-02 8.333E-02
9.025E-03 1.449E-02
0.000E+00 3.776E-02
6.818E-02 5.186E-02
1.111E-01 6.939E-02
1.618E-01 1.000E-01
0.000E+00 1.636E-01
0.000E+00 4.317E-02
7.500E-02 9.491E-02
1.780E-01 2.000E-01
1.326E-01 2.425E-01
8.736E-01 2.619E-01
3.714E-01 2.000E+00
2.297E-01 3.605E-01
6.147E-01 0.000E+00
0.000E+00 9.756E-02
1.707E-01 5.000E-01
1.585E-01 3.315E-01
6.061E-01 1.400E-01
1.698E-01 5.000E-01
2.169E-01 5.850E-01
1.190E+00 0.000E+00
0.000E+00 0.000E+00
1.000E+00 0.000E+00
8.333E-02 6.364E-01
4.286E-01 5.882E-02
2.500E-01 5.000E+00
4.211E-01 4.082E-01
2.144E+00 3.003E-03
9.709E-03 2.948E-02
0.000E+00 4.286E-01
1.879E-03 1.575E-03
0.000E+00 1.420E-02
0.000E+00 7.749E-03
0.000E+00 1.483E-02
1.304E-01 2.667E-02
3.333E-01 7.463E-02
1.429E-01 0.000E+00
1.667E-01 2.550E-02
4.651E-02 0.000E+00
4.632E-02 9.172E-02
2.985E-01 4.082E-02
2.222E-01 1.000E+00
1.452E-01 2.000E-01
4.898E-01 3.333E-01
0.000E+00 1.575E-02
8.065E-02 0.000E+00
9.450E-02 1.502E-01
1.806E-01 3.704E-02
3.077E-01 0.000E+00
1.429E-01 2.336E-01
5.217E-01 0.000E+00
0.000E+00 1.020E-01
1.111E-01 0.000E+00
2.041E-01 2.042E-01
2.581E-01 1.176E-01
3.000E-01 1.000E+00
1.449E-01 4.262E-01
9.083E-01 0.000E+00
5.236E-03 1.796E-02
1.087E-02 8.333E-02
9.025E-03 1.449E-02
0.000E+00 3.776E-02
6.818E-02 5.186E-02
1.111E-01 6.939E-02
1.618E-01 1.000E-01
0.000E+00 1.636E-01
0.000E+00 4.317E-02
7.500E-02 9.491E-02
1.780E-01 2.000E-01
1.326E-01 2.425E-01
8.736E-01 2.619E-01
3.714E-01 2.000E+00
2.297E-01 3.605E-01
6.147E-01 0.000E+00
0.000E+00 9.756E-02
1.707E-01 5.000E-01
1.585E-01 3.315E-01
6.061E-01 1.400E-01
1.698E-01 5.000E-01
2.169E-01 5.850E-01
1.190E+00 0.000E+00
0.000E+00 0.000E+00
1.000E+00 0.000E+00
8.333E-02 6.364E-01
4.286E-01 5.882E-02
2.500E-01 5.000E+00
4.211E-01 4.082E-01
2.144E+00 3.003E-03
9.709E-03 2.948E-02
0.000E+00 4.286E-01
1.879E-03 1.575E-03
0.000E+00 1.420E-02
0.000E+00 7.749E-03
0.000E+00 1.483E-02
1.304E-01 2.667E-02
3.333E-01 7.463E-02
1.429E-01 0.000E+00
1.667E-01 2.550E-02
4.651E-02 0.000E+00
4.632E-02 9.172E-02
2.985E-01 4.082E-02
2.222E-01 1.000E+00
1.452E-01 2.000E-01
4.898E-01 3.333E-01
0.000E+00 1.575E-02
8.065E-02 0.000E+00
9.450E-02 1.502E-01
1.806E-01 3.704E-02
3.077E-01 0.000E+00
1.429E-01 2.336E-01
5.217E-01 0.000E+00
0.000E+00 1.020E-01
1.111E-01 0.000E+00
2.041E-01 2.042E-01
2.581E-01 1.176E-01
3.000E-01 1.000E+00
1.449E-01 4.262E-01
9.083E-01 0.000E+00
5.236E-03 1.796E-02
1.087E-02 8.333E-02
9.025E-03 1.449E-02
0.000E+00 3.776E-02
6.818E-02 5.186E-02
1.111E-01 6.939E-02
1.618E-01 1.000E-01
0.000E+00 1.636E-01
0.000E+00 4.317E-02
7.500E-02 9.491E-02
1.780E-01 2.000E-01
1.326E-01 2.425E-01
8.736E-01 2.619E-01
3.714E-01 2.000E+00
2.297E-01 3.605E-01
6.147E-01 0.000E+00
0.000E+00 9.756E-02
1.707E-01 5.000E-01
1.585E-01 3.315E-01
6.061E-01 1.400E-01
1.698E-01 5.000E-01
2.169E-01 5.850E-01
1.190E+00 0.000E+00
0.000E+00 0.000E+00
1.000E+00 0.000E+00
8.333E-02 6.364E-01
4.286E-01 5.882E-02
2.500E-01 5.000E+00
4.211E-01 4.082E-01
2.144E+00 3.003E-03
9.709E-03 2.948E-02
0.000E+00 4.286E-01
1.879E-03 1.575E-03
0.000E+00 1.420E-02
0.000E+00 7.749E-03
0.000E+00 1.483E-02
1.304E-01 2.667E-02
3.333E-01 7.463E-02
1.429E-01 0.000E+00
1.667E-01 2.550E-02
4.651E-02 0.000E+00
4.632E-02 9.172E-02
2.985E-01 4.082E-02
2.222E-01 1.000E+00
1.452E-01 2.000E-01
4.898E-01 3.333E-01
0.000E+00 1.575E-02
8.065E-02 0.000E+00
9.450E-02 1.502E-01
1.806E-01 3.704E-02
3.077E-01 0.000E+00
1.429E-01 2.336E-01
5.217E-01 0.000E+00
0.000E+00 1.020E-01
1.111E-01 0.000E+00
2.041E-01 2.042E-01
2.581E-01 1.176E-01
3.000E-01 1.000E+00
1.449E-01 4.262E-01
9.083E-01 0.000E+00
5.236E-03 1.796E-02
1.087E-02 8.333E-02
9.025E-03 1.449E-02
0.000E+00 3.776E-02
6.818E-02 5.186E-02
1.111E-01 6.939E-02
1.618E-01 1.000E-01
0.000E+00 1.636E-01
0.000E+00 4.317E-02
7.500E-02 9.491E-02
1.780E-01 2.000E-01
1.326E-01 2.425E-01
8.736E-01 2.619E-01
3.714E-01 2.000E+00
2.297E-01 3.605E-01
6.147E-01 0.000E+00
0.000E+00 9.756E-02
1.707E-01 5.000E-01
1.585E-01 3.315E-01
6.061E-01 1.400E-01
1.698E-01 5.000E-01
2.169E-01 5.850E-01
1.190E+00 0.000E+00
0.000E+00 0.000E+00
1.000E+00 0.000E+00
8.333E-02 6.364E-01
4.286E-01 5.882E-02
2.500E-01 5.000E+00
4.211E-01 4.082E-01
2.144E+00 3.003E-03
9.709E-03 2.948E-02
0.000E+00 4.286E-01
1.879E-03 1.575E-03
0.000E+00 1.420E-02
0.000E+00 7.749E-03
0.000E+00 1.483E-02
1.304E-01 2.667E-02
3.333E-01 7.463E-02
1.429E-01 0.000E+00
1.667E-01 2.550E-02
4.651E-02 0.000E+00
4.632E-02 9.172E-02
2.985E-01 4.082E-02
2.222E-01 1.000E+00
1.452E-01 2.000E-01
4.898E-01 3.333E-01
0.000E+00 1.575E-02
8.065E-02 0.000E+00
9.450E-02 1.502E-01
1.806E-01 3.704E-02
3.077E-01 0.000E+00
1.429E-01 2.336E-01
5.217E-01 0.000E+00
0.000E+00 1.020E-01
1.111E-01 0.000E+00
2.041E-01 2.042E-01
2.581E-01 1.176E-01
3.000E-01 1.000E+00
1.449E-01 4.262E-01
9.083E-01 0.000E+00
5.236E-03 1.796E-02
1.087E-02 8.333E-02
9.025E-03 1.449E-02
0.000E+00 3.776E-02
6.818E-02 5.186E-02
1.111E-01 6.939E-02
1.618E-01 1.000E-01
0.000E+00 1.636E-01
0.000E+00 4.317E-02
7.500E-02 9.491E-02
1.780E-01 2.000E-01
1.326E-01 2.425E-01
8.736E-01 2.619E-01
3.714E-01 2.000E+00
2.297E-01 3.605E-01
6.147E-01 0.000E+00
0.000E+00 9.756E-02
1.707E-01 5.000E-01
1.585E-01 3.315E-01
6.061E-01 1.400E-01
1.698E-01 5.000E-01
2.169E-01 5.850E-01
1.190E+00 0.000E+00
0.000E+00 0.000E+00
1.000E+00 0.000E+00
8.333E-02 6.364E-01
4.286E-01 5.882E-02
2.500E-01 5.000E+00
4.211E-01 4.082E-01
2.144E+00 3.003E-03
9.709E-03 2.948E-02
0.000E+00 4.286E-01
1.879E-03 1.575E-03
0.000E+00 1.420E-02
0.000E+00 7.749E-03
0.000E+00 1.483E-02
1.304E-01 2.667E-02
3.333E-01 7.463E-02
1.429E-01 0.000E+00
1.667E-01 2.550E-02
4.651E-02 0.000E+00
4.632E-02 9.172E-02
2.985E-01 4.082E-02
2.222E-01 1.000E+00
1.452E-01 2.000E-01
4.898E-01 3.333E-01
0.000E+00 1.575E-02
8.065E-02 0.000E+00
9.450E-02 1.502E-01
1.806E-01 3.704E-02
3.077E-01 0.000E+00
1.429E-01 2.336E-01
5.217E-01 0.000E+00
0.000E+00 1.020E-01
1.111E-01 0.000E+00
2.041E-01 2.042E-01
2.581E-01 1.176E-01
3.000E-01 1.000E+00
1.449E-01 4.262E-01
9.083E-01 0.000E+00
5.236E-03 1.796E-02
1.087E-02 8.333E-02
9.025E-03 1.449E-02
0.000E+00 3.776E-02
6.818E-02 5.186E-02
1.111E-01 6.939E-02
1.618E-01 1.000E-01
0.000E+00 1.636E-01
0.000E+00 4.317E-02
7.500E-02 9.491E-02
1.780E-01 2.000E-01
1.326E-01 2.425E-01
8.736E-01 2.619E-01
3.714E-01 2.000E+00
2.297E-01 3.605E-01
6.147E-01 0.000E+00
0.000E+00 9.756E-02
1.707E-01 5.000E-01
1.585E-01 3.315E-01
6.061E-01 1.400E-01
1.698E-01 5.000E-01
2.169E-01 5.850E-01
1.190E+00 0.000E+00
0.000E+00 0.000E+00
1.000E+00 0.000E+00
8.333E-02 6.364E-01
4.286E-01 5.882E-02
2.500E-01 5.000E+00
4.211E-01 4.082E-01
2.144E+00 3.003E-03
9.709E-03 2.948E-02
0.000E+00 4.286E-01
1.879E-03 1.575E-03
0.000E+00 1.420E-02
0.000E+00 7.749E-03
0.000E+00 1.483E-02
1.304E-01 2.667E-02
3.333E-01 7.463E-02
1.429E-01 0.000E+00
1.667E-01 2.550E-02
4.651E-02 0.000E+00
4.632E-02 9.172E-02
2.985E-01 4.082E-02
2.222E-01 1.000E+00
1.452E-01 2.000E-01
4.898E-01 3.333E-01
0.000E+00 1.575E-02
8.065E-02 0.000E+00
9.450E-02 1.502E-01
1.806E-01 3.704E-02
3.077E-01 0.000E+00
1.429E-01 2.336E-01
5.217E-01 0.000E+00
0.000E+00 1.020E-01
1.111E-01 0.000E+00
2.041E-01 2.042E-01
2.581E-01 1.176E-01
3.000E-01 1.000E+00
1.449E-01 4.262E-01
9.083E-01 0.000E+00
5.236E-03 1.796E-02
1.087E-02 8.333E-02
9.025E-03 1.449E-02
0.000E+00 3.776E-02
6.818E-02 5.186E-02
1.111E-01 6.939E-02
1.618E-01 1.000E-01
0.000E+00 1.636E-01
0.000E+00 4.317E-02
7.500E-02 9.491E-02
1.780E-01 2.000E-01
1.326E-01 2.425E-01
8.736E-01 2.619E-01
3.714E-01 2.000E+00
2.297E-01 3.605E-01
6.147E-01 0.000E+00
0.000E+00 9.756E-02
1.707E-01 5.000E-01
1.585E-01 3.315E-01
6.061E-01 1.400E-01
1.698E-01 5.000E-01
2.169E-01 5.850E-01
1.190E+00 0.000E+00
0.000E+00 0.000E+00
1.000E+00 0.000E+00
8.333E-02 6.364E-01
4.286E-01 5.882E-02
2.500E-01 5.000E+00
4.211E-01 4.082E-01
2.144E+00 3.003E-03
9.709E-03 2.948E-02
0.000E+00 4.286E-01
1.879E-03 1.575E-03
0.000E+00 1.420E-02
0.000E+00 7.749E-03
0.000E+00 1.483E-02
1.304E-01 2.667E-02
3.333E-01 7.463E-02
1.429E-01 0.000E+00
1.667E-01 2.550E-02
4.651E-02 0.000E+00
4.632E-02 9.172E-02
2.985E-01 4.082E-02
2.222E-01 1.000E+00
1.452E-01 2.000E-01
4.898E-01 3.333E-01
0.000E+00 1.575E-02
8.065E-02 0.000E+00
9.450E-02 1.502E-01
1.806E-01 3.704E-02
3.077E-01 0.000E+00
1.429E-01 2.336E-01
5.217E-01 0.000E+00
0.000E+00 1.020E-01
1.111E-01 0.000E+00
2.041E-01 2.042E-01
2.581E-01 1.176E-01
3.000E-01 1.000E+00
1.449E-01 4.262E-01
9.083E-01 0.000E+00
5.236E-03 1.796E-02
1.087E-02 8.333E-02
9.025E-03 1.449E-02
0.000E+00 3.776E-02
6.818E-02 5.186E-02
1.111E-01 6.939E-02
1.618E-01 1.000E-01
0.000E+00 1.636E-01
0.000E+00 4.317E-02
7.500E-02 9.491E-02
1.780E-01 2.000E-01
1.326E-01 2.425E-01
8.736E-01 2.619E-01
3.714E-01 2.000E+00
2.297E-01 3.605E-01
6.147E-01 0.000E+00
0.000E+00 9.756E-02
1.707E-01 5.000E-01
1.585E-01 3.315E-01
6.061E-01 1.400E-01
1.698E-01 5.000E-01
2.169E-01 5.850E-01
1.190E+00 0.000E+00
0.000E+00 0.000E+00
1.000E+00 0.000E+00
8.333E-02 6.364E-01
4.286E-01 5.882E-02
2.500E-01 5.000E+00
4.211E-01 4.082E-01
2.144E+00 3.003E-03
9.709E-03 2.948E-02
0.000E+00 4.286E-01
1.879E-03 1.575E-03
0.000E+00 1.420E-02
0.000E+00 7.749E-03
0.000E+00 1.483E-02
1.304E-01 2.667E-02
3.333E-01 7.463E-02
1.429E-01 0.000E+00
1.667E-01 2.550E-02
4.651E-02 0.000E+00
4.632E-02 9.172E-02
2.985E-01 4.082E-02
2.222E-01 1.000E+00
1.452E-01 2.000E-01
4.898E-01 3.333E-01
0.000E+00 1.575E-02
8.065E-02 0.000E+00
9.450E-02 1.502E-01
1.806E-01 3.704E-02
3.077E-01 0.000E+00
1.429E-01 2.336E-01
5.217E-01 0.000E+00
0.000E+00 1.020E-01
1.111E-01 0.000E+00
2.041E-01 2.042E-01
2.581E-01 1.176E-01
3.000E-01 1.000E+00
1.449E-01 4.262E-01
9.083E-01 0.000E+00
5.236E-03 1.796E-02
1.087E-02 8.333E-02
9.025E-03 1.449E-02
0.000E+00 3.776E-02
6.818E-02 5.186E-02
1.111E-01 6.939E-02
1.618E-01 1.000E-01
0.000E+00 1.636E-01
0.000E+00 4.317E-02
7.500E-02 9.491E-02
1.780E-01 2.000E-01
1.326E-01 2.425E-01
8.736E-01 2.619E-01
3.714E-01 2.000E+00
2.297E-01 3.605E-01
6.147E-01 0.000E+00
0.000E+00 9.756E-02
1.707E-01 5.000E-01
1.585E-01 3.315E-01
6.061E-01 1.400E-01
1.698E-01 5.000E-01
2.169E-01 5.850E-01
1.190E+00 0.000E+00
0.000E+00 0.000E+00
1.000E+00 0.000E+00
8.333E-02 6.364E-01
4.286E-01 5.882E-02
2.500E-01 5.000E+00
4.211E-01 4.082E-01
2.144E+00 3.003E-03
9.709E-03 2.948E-02
0.000E+00 4.286E-01
1.879E-03 1.575E-03
0.000E+00 1.420E-02
0.000E+00 7.749E-03
0.000E+00 1.483E-02
1.304E-01 2.667E-02
3.333E-01 7.463E-02
1.429E-01 0.000E+00
1.667E-01 2.550E-02
4.651E-02 0.000E+00
4.632E-02 9.172E-02
2.985E-01 4.082E-02
2.222E-01 1.000E+00
1.452E-01 2.000E-01
4.898E-01 3.333E-01
0.000E+00 1.575E-02
8.065E-02 0.000E+00
9.450E-02 1.502E-01
1.806E-01 3.704E-02
3.077E-01 0.000E+00
1.429E-01 2.336E-01
5.217E-01 0.000E+00
0.000E+00 1.020E-01
1.111E-01 0.000E+00
2.041E-01 2.042E-01
2.581E-01 1.176E-01
3.000E-01 1.000E+00
1.449E-01 4.262E-01
9.083E-01 0.000E+00
5.236E-03 1.796E-02
1.087E-02 8.333E-02
9.025E-03 1.449E-02
0.000E+00 3.776E-02
6.818E-02 5.186E-02
1.111E-01 6.939E-02
1.618E-01 1.000E-01
0.000E+00 1.636E-01
0.000E+00 4.317E-02
7.500E-02 9.491E-02
1.780E-01 2.000E-01
1.326E-01 2.425E-01
8.736E-01 2.619E-01
3.714E-01 2.000E+00
2.297E-01 3.605E-01
6.147E-01 0.000E+00
0.000E+00 9.756E-02
1.707E-01 5.000E-01
1.585E-01 3.315E-01
6.061E-01 1.400E-01
1.698E-01 5.000E-01
2.169E-01 5.850E-01
1.190E+00 0.000E+00
0.000E+00 0.000E+00
1.000E+00 0.000E+00
8.333E-02 6.364E-01
4.286E-01 5.882E-02
2.500E-01 5.000E+00
4.211E-01 4.082E-01
2.144E+00 3.003E-03
9.709E-03 2.948E-02
0.000E+00 4.286E-01
1.879E-03 1.575E-03
0.000E+00 1.420E-02
0.000E+00 7.749E-03
0.000E+00 1.483E-02
1.304E-01 2.667E-02
3.333E-01 7.463E-02
1.429E-01 0.000E+00
1.667E-01 2.550E-02
4.651E-02 0.000E+00
4.632E-02 9.172E-02
2.985E-01 4.082E-02
2.222E-01 1.000E+00
1.452E-01 2.000E-01
4.898E-01 3.333E-01
0.000E+00 1.575E-02
8.065E-02 0.000E+00
9.450E-02 1.502E-01
1.806E-01 3.704E-02
3.077E-01 0.000E+00
1.429E-01 2.336E-01
5.217E-01 0.000E+00
0.000E+00 1.020E-01
1.111E-01 0.000E+00
2.041E-01 2.042E-01
2.581E-01 1.176E-01
3.000E-01 1.000E+00
1.449E-01 4.262E-01
9.083E-01 0.000E+00
5.236E-03 1.796E-02
1.087E-02 8.333E-02
9.025E-03 1.449E-02
0.000E+00 3.776E-02
6.818E-02 5.186E-02
1.111E-01 6.939E-02
1.618E-01 1.000E-01
0.000E+00 1.636E-01
0.000E+00 4.317E-02
7.500E-02 9.491E-02
1.780E-01 2.000E-01
1.326E-01 2.425E-01
8.736E-01 2.619E-01
3.714E-01 2.000E+00
2.297E-01 3.605E-01
6.147E-01 0.000E+00
0.000E+00 9.756E-02
1.707E-01 5.000E-01
1.585E-01 3.315E-01
6.061E-01 1.400E-01
1.698E-01 5.000E-01
2.169E-01 5.850E-01
1.190E+00 0.000E+00
0.000E+00 0.000E+00
1.000E+00 0.000E+00
8.333E-02 6.364E-01
4.286E-01 5.882E-02
2.500E-01 5.000E+00
4.211E-01 4.082E-01
2.144E+00 3.003E-03
9.709E-03 2.948E-02
0.000E+00 4.286E-01
1.879E-03 1.575E-03
0.000E+00 1.420E-02
0.000E+00 7.749E-03
0.000E+00 1.483E-02
1.304E-01 2.667E-02
3.333E-01 7.463E-02
1.429E-01 0.000E+00
1.667E-01 2.550E-02
4.651E-02 0.000E+00
4.632E-02 9.172E-02
2.985E-01 4.082E-02
2.222E-01 1.000E+00
1.452E-01 2.000E-01
4.898E-01 3.333E-01
0.000E+00 1.575E-02
8.065E-02 0.000E+00
9.450E-02 1.502E-01
1.806E-01 3.704E-02
3.077E-01 0.000E+00
1.429E-01 2.336E-01
5.217E-01 0.000E+00
0.000E+00 1.020E-01
1.111E-01 0.000E+00
2.041E-01 2.042E-01
2.581E-01 1.176E-01
3.000E-01 1.000E+00
1.449E-01 4.262E-01
9.083E-01 0.000E+00
5.236E-03 1.796E-02
1.087E-02 8.333E-02
9.025E-03 1.449E-02
0.000E+00 3.776E-02
6.818E-02 5.186E-02
1.111E-01 6.939E-02
1.618E-01 1.000E-01
0.000E+00 1.636E-01
0.000E+00 4.317E-02
7.500E-02 9.491E-02
1.780E-01 2.000E-01
1.326E-01 2.425E-01
8.736E-01 2.619E-01
3.714E-01 2.000E+00
2.297E-01 3.605E-01
6.147E-01 0.000E+00
0.000E+00 9.756E-02
1.707E-01 5.000E-01
1.585E-01 3.315E-01
6.061E-01 1.400E-01
1.698E-01 5.000E-01
2.169E-01 5.850E-01
1.190E+00 0.000E+00
0.000E+00 0.000E+00
1.000E+00 0.000E+00
8.333E-02 6.364E-01
4.286E-01 5.882E-02
2.500E-01 5.000E+00
4.211E-01 4.082E-01
2.144E+00 3.003E-03
9.709E-03 2.948E-02
0.000E+00 4.286E-01
1.879E-03 1.575E-03
0.000E+00 1.420E-02
0.000E+00 7.749E-03
0.000E+00 1.483E-02
1.304E-01 2.667E-02
3.333E-01 7.463E-02
1.429E-01 0.000E+00
1.667E-01 2.550E-02
4.651E-02 0.000E+00
4.632E-02 9.172E-02
2.985E-01 4.082E-02
2.222E-01 1.000E+00
1.452E-01 2.000E-01
4.898E-01 3.333E-01
0.000E+00 1.575E-02
8.065E-02 0.000E+00
9.450E-02 1.502E-01
1.806E-01 3.704E-02
3.077E-01 0.000E+00
1.429E-01 2.336E-01
5.217E-01 0.000E+00
0.000E+00 1.020E-01
1.111E-01 0.000E+00
2.041E-01 2.042E-01
2.581E-01 1.176E-01
3.000E-01 1.000E+00
1.449E-01 4.262E-01
9.083E-01 0.000E+00
5.236E-03 1.796E-02
1.087E-02 8.333E-02
9.025E-03 1.449E-02
0.000E+00 3.776E-02
6.818E-02 5.186E-02
1.111E-01 6.939E-02
1.618E-01 1.000E-01
0.000E+00 1.636E-01
0.000E+00 4.317E-02
7.500E-02 9.491E-02
1.780E-01 2.000E-01
1.326E-01 2.425E-01
8.736E-01 2.619E-01
3.714E-01 2.000E+00
2.297E-01 3.605E-01
6.147E-01 0.000E+00
0.000E+00 9.756E-02
1.707E-01 5.000E-01
1.585E-01 3.315E-01
6.061E-01 1.400E-01
1.698E-01 5.000E-01
2.169E-01 5.850E-01
1.190E+00 0.000E+00
0.000E+00 0.000E+00
1.000E+00 0.000E+00
8.333E-02 6.364E-01
4.286E-01 5.882E-02
2.500E-01 5.000E+00
4.211E-01 4.082E-01
2.144E+00 3.003E-03
9.709E-03 2.948E-02
0.000E+00 4.286E-01
1.879E-03 1.575E-03
0.000E+00 1.420E-02
0.000E+00 7.749E-03
0.000E+00 1.483E-02
1.304E-01 2.667E-02
3.333E-01 7.463E-02
1.429E-01 0.000E+00
1.667E-01 2.550E-02
4.651E-02 0.000E+00
4.632E-02 9.172E-02
2.985E-01 4.082E-02
2.222E-01 1.000E+00
1.452E-01 2.000E-01
4.898E-01 3.333E-01
0.000E+00 1.575E-02
8.065E-02 0.000E+00
9.450E-02 1.502E-01
1.806E-01 3.704E-02
3.077E-01 0.000E+00
1.429E-01 2.336E-01
5.217E-01 0.000E+00
0.000E+00 1.020E-01
1.111E-01 0.000E+00
2.041E-01 2.042E-01
2.581E-01 1.176E-01
3.000E-01 1.000E+00
1.449E-01 4.262E-01
9.083E-01 0.000E+00
5.236E-03 1.796E-02
1.087E-02 8.333E-02
9.025E-03 1.449E-02
0.000E+00 3.776E-02
6.818E-02 5.186E-02
1.111E-01 6.939E-02
1.618E-01 1.000E-01
0.000E+00 1.636E-01
0.000E+00 4.317E-02
7.500E-02 9.491E-02
1.780E-01 2.000E-01
1.326E-01 2.425E-01
8.736E-01 2.619E-01
3.714E-01 2.000E+00
2.297E-01 3.605E-01
6.147E-01 0.000E+00
0.000E+00 9.756E-02
1.707E-01 5.000E-01
1.585E-01 3.315E-01
6.061E-01 1.400E-01
1.698E-01 5.000E-01
2.169E-01 5.850E-01
1.190E+00 0.000E+00
0.000E+00 0.000E+00
1.000E+00 0.000E+00
8.333E-02 6.364E-01
4.286E-01 5.882E-02
2.500E-01 5.000E+00
4.211E-01 4.082E-01
2.144E+00 3.003E-03
9.709E-03 2.948E-02
0.000E+00 4.286E-01
1.879E-03 1.575E-03
0.000E+00 1.420E-02
0.000E+00 7.749E-03
0.000E+00 1.483E-02
1.304E-01 2.667E-02
3.333E-01 7.463E-02
1.429E-01 0.000E+00
1.667E-01 2.550E-02
4.651E-02 0.000E+00
4.632E-02 9.172E-02
2.985E-01 4.082E-02
2.222E-01 1.000E+00
1.452E-01 2.000E-01
4.898E-01 3.333E-01
0.000E+00 1.575E-02
8.065E-02 0.000E+00
9.450E-02 1.502E-01
1.806E-01 3.704E-02
3.077E-01 0.000E+00
1.429E-01 2.336E-01
5.217E-01 0.000E+00
0.000E+00 1.020E-01
1.111E-01 0.000E+00
2.041E-01 2.042E-01
2.581E-01 1.176E-01
3.000E-01 1.000E+00
1.449E-01 4.262E-01
9.083E-01 0.000E+00
5.236E-03 1.796E-02
1.087E-02 8.333E-02
9.025E-03 1.449E-02
0.000E+00 3.776E-02
6.818E-02 5.186E-02
1.111E-01 6.939E-02
1.618E-01 1.000E-01
0.000E+00 1.636E-01
0.000E+00 4.317E-02
7.500E-02 9.491E-02
1.780E-01 2.000E-01
1.326E-01 2.425E-01
8.736E-01 2.619E-01
3.714E-01 2.000E+00
2.297E-01 3.605E-01
6.147E-01 0.000E+00
0.000E+00 9.756E-02
1.707E-01 5.000E-01
1.585E-01 3.315E-01
6.061E-01 1.400E-01
1.698E-01 5.000E-01
2.169E-01 5.850E-01
1.190E+00 0.000E+00
0.000E+00 0.000E+00
1.000E+00 0.000E+00
8.333E-02 6.364E-01
4.286E-01 5.882E-02
2.500E-01 5.000E+00
4.211E-01 4.082E-01
2.144E+00 3.003E-03
9.709E-03 2.948E-02
0.000E+00 4.286E-01
1.879E-03 1.575E-03
0.000E+00 1.420E-02
0.000E+00 7.749E-03
0.000E+00 1.483E-02
1.304E-01 2.667E-02
3.333E-01 7.463E-02
1.429E-01 0.000E+00
1.667E-01 2.550E-02
4.651E-02 0.000E+00
4.632E-02 9.172E-02
2.985E-01 4.082E-02
2.222E-01 1.000E+00
1.452E-01 2.000E-01
4.898E-01 3.333E-01
0.000E+00 1.575E-02
8.065E-02 0.000E+00
9.450E-02 1.502E-01
1.806E-01 3.704E-02
3.077E-01 0.000E+00
1.429E-01 2.336E-01
5.217E-01 0.000E+00
0.000E+00 1.020E-01
1.111E-01 0.000E+00
2.041E-01 2.042E-01
2.581E-01 1.176E-01
3.000E-01 1.000E+00
1.449E-01 4.262E-01
9.083E-01 0.000E+00
5.236E-03 1.796E-02
1.087E-02 8.333E-02
9.025E-03 1.449E-02
0.000E+00 3.776E-02
6.818E-02 5.186E-02
1.111E-01 6.939E-02
1.618E-01 1.000E-01
0.000E+00 1.636E-01
0.000E+00 4.317E-02
7.500E-02 9.491E-02
1.780E-01 2.000E-01
1.326E-01 2.425E-01
8.736E-01 2.619E-01
3.714E-01 2.000E+00
2.297E-01 3.605E-01
6.147E-01 0.000E+00
0.000E+00 9.756E-02
1.707E-01 5.000E-01
1.585E-01 3.315E-01
6.061E-01 1.400E-01
1.698E-01 5.000E-01
2.169E-01 5.850E-01
1.190E+00 0.000E+00
0.000E+00 0.000E+00
1.000E+00 0.000E+00
8.333E-02 6.364E-01
4.286E-01 5.882E-02
2.500E-01 5.000E+00
4.211E-01 4.082E-01
2.144E+00 3.003E-03
9.709E-03 2.948E-02
0.000E+00 4.286E-01
1.879E-03 1.575E-03
0.000E+00 1.420E-02
0.000E+00 7.749E-03
0.000E+00 1.483E-02
1.304E-01 2.667E-02
3.333E-01 7.463E-02
1.429E-01 0.000E+00
1.667E-01 2.550E-02
4.651E-02 0.000E+00
4.632E-02 9.172E-02
2.985E-01 4.082E-02
2.222E-01 1.000E+00
1.452E-01 2.000E-01
4.898E-01 3.333E-01
0.000E+00 1.575E-02
8.065E-02 0.000E+00
9.450E-02 1.502E-01
1.806E-01 3.704E-02
3.077E-01 0.000E+00
1.429E-01 2.336E-01
5.217E-01 0.000E+00
0.000E+00 1.020E-01
1.111E-01 0.000E+00
2.041E-01 2.042E-01
2.581E-01 1.176E-01
3.000E-01 1.000E+00
1.449E-01 4.262E-01
9.083E-01 0.000E+00
5.236E-03 1.796E-02
1.087E-02 8.333E-02
9.025E-03 1.449E-02
0.000E+00 3.776E-02
6.818E-02 5.186E-02
1.111E-01 6.939E-02
1.618E-01 1.000E-01
0.000E+00 1.636E-01
0.000E+00 4.317E-02
7.500E-02 9.491E-02
1.780E-01 2.000E-01
1.326E-01 2.425E-01
8.736E-01 2.619E-01
3.714E-01 2.000E+00
2.297E-01 3.605E-01
6.147E-01 0.000E+00
0.000E+00 9.756E-02
1.707E-01 5.000E-01
1.585E-01 3.315E-01
6.061E-01 1.400E-01
1.698E-01 5.000E-01
2.169E-01 5.850E-01
1.190E+00 0.000E+00
0.000E+00 0.000E+00
1.000E+00 0.000E+00
8.333E-02 6.364E-01
4.286E-01 5.882E-02
2.500E-01 5.000E+00
4.211E-01 4.082E-01
2.144E+00 3.003E-03
9.709E-03 2.948E-02
0.000E+00 4.286E-01
1.879E-03 1.575E-03
0.000E+00 1.420E-02
0.000E+00 7.749E-03
0.000E+00 1.483E-02
1.304E-01 2.667E-02
3.333E-01 7.463E-02
1.429E-01 0.000E+00
1.667E-01 2.550E-02
4.651E-02 0.000E+00
4.632E-02 9.172E-02
2.985E-01 4.082E-02
2.222E-01 1.000E+00
1.452E-01 2.000E-01
4.898E-01 3.333E-01
0.000E+00 1.575E-02
8.065E-02 0.000E+00
9.450E-02 1.502E-01
1.806E-01 3.704E-02
3.077E-01 0.000E+00
1.429E-01 2.336E-01
5.217E-01 0.000E+00
0.000E+00 1.020E-01
1.111E-01 0.000E+00
2.041E-01 2.042E-01
2.581E-01 1.176E-01
3.000E-01 1.000E+00
1.449E-01 4.262E-01
9.083E-01 0.000E+00
5.236E-03 1.796E-02
1.087E-02 8.333E-02
9.025E-03 1.449E-02
0.000E+00 3.776E-02
6.818E-02 5.186E-02
1.111E-01 6.939E-02
1.618E-01 1.000E-01
0.000E+00 1.636E-01
0.000E+00 4.317E-02
7.500E-02 9.491E-02
1.780E-01 2.000E-01
1.326E-01 2.425E-01
8.736E-01 2.619E-01
3.714E-01 2.000E+00
2.297E-01 3.605E-01
6.147E-01 0.000E+00
0.000E+00 9.756E-02
1.707E-01 5.000E-01
1.585E-01 3.315E-01
6.061E-01 1.400E-01
1.698E-01 5.000E-01
2.169E-01 5.850E-01
1.190E+00 0.000E+00
0.000E+00 0.000E+00
1.000E+00 0.000E+00
8.333E-02 6.364E-01
4.286E-01 5.882E-02
2.500E-01 5.000E+00
4.211E-01 4.082E-01
2.144E+00 3.003E-03
9.709E-03 2.948E-02
0.000E+00 4.286E-01
1.879E-03 1.575E-03
0.000E+00 1.420E-02
0.000E+00 7.749E-03
0.000E+00 1.483E-02
1.304E-01 2.667E-02
3.333E-01 7.463E-02
1.429E-01 0.000E+00
1.667E-01 2.550E-02
4.651E-02 0.000E+00
4.632E-02 9.172E-02
2.985E-01 4.082E-02
2.222E-01 1.000E+00
1.452E-01 2.000E-01
4.898E-01 3.333E-01
0.000E+00 1.575E-02
8.065E-02 0.000E+00
9.450E-02 1.502E-01
1.806E-01 3.704E-02
3.077E-01 0.000E+00
1.429E-01 2.336E-01
5.217E-01 0.000E+00
0.000E+00 1.020E-01
1.111E-01 0.000E+00
2.041E-01 2.042E-01
2.581E-01 1.176E-01
3.000E-01 1.000E+00
1.449E-01 4.262E-01
9.083E-01 0.000E+00
5.236E-03 1.796E-02
1.087E-02 8.333E-02
9.025E-03 1.449E-02
0.000E+00 3.776E-02
6.818E-02 5.186E-02
1.111E-01 6.939E-02
1.618E-01 1.000E-01
0.000E+00 1.636E-01
0.000E+00 4.317E-02
7.500E-02 9.491E-02
1.780E-01 2.000E-01
1.326E-01 2.425E-01
8.736E-01 2.619E-01
3.714E-01 2.000E+00
2.297E-01 3.605E-01
6.147E-01 0.000E+00
0.000E+00 9.756E-02
1.707E-01 5.000E-01
1.585E-01 3.315E-01
6.061E-01 1.400E-01
1.698E-01 5.000E-01
2.169E-01 5.850E-01
1.190E+00 0.000E+00
0.000E+00 0.000E+00
1.000E+00 0.000E+00
8.333E-02 6.364E-01
4.286E-01 5.882E-02
2.500E-01 5.000E+00
4.211E-01 4.082E-01
2.144E+00 3.003E-03
9.709E-03 2.948E-02
0.000E+00 4.286E-01
1.879E-03 1.575E-03
0.000E+00 1.420E-02
0.000E+00 7.749E-03
0.000E+00 1.483E-02
1.304E-01 2.667E-02
3.333E-01 7.463E-02
1.429E-01 0.000E+00
1.667E-01 2.550E-02
4.651E-02 0.000E+00
4.632E-02 9.172E-02
2.985E-01 4.082E-02
2.222E-01 1.000E+00
1.452E-01 2.000E-01
4.898E-01 3.333E-01
0.000E+00 1.575E-02
8.065E-02 0.000E+00
9.450E-02 1.502E-01
1.806E-01 3.704E-02
3.077E-01 0.000E+00
1.429E-01 2.336E-01
5.217E-01 0.000E+00
0.000E+00 1.020E-01
1.111E-01 0.000E+00
2.041E-01 2.042E-01
2.581E-01 1.176E-01
3.000E-01 1.000E+00
1.449E-01 4.262E-01
9.083E-01 0.000E+00
5.236E-03 1.796E-02
1.087E-02 8.333E-02
9.025E-03 1.449E-02
0.000E+00 3.776E-02
6.818E-02 5.186E-02
1.111E-01 6.939E-02
1.618E-01 1.000E-01
0.000E+00 1.636E-01
0.000E+00 4.317E-02
7.500E-02 9.491E-02
1.780E-01 2.000E-01
1.326E-01 2.425E-01
8.736E-01 2.619E-01
3.714E-01 2.000E+00
2.297E-01 3.605E-01
6.147E-01 0.000E+00
0.000E+00 9.756E-02
1.707E-01 5.000E-01
1.585E-01 3.315E-01
6.061E-01 1.400E-01
1.698E-01 5.000E-01
2.169E-01 5.850E-01
1.190E+00 0.000E+00
0.000E+00 0.000E+00
1.000E+00 0.000E+00
8.333E-02 6.364E-01
4.286E-01 5.882E-02
2.500E-01 5.000E+00
4.211E-01 4.082E-01
2.144E+00 3.003E-03
9.709E-03 2.948E-02
0.000E+00 4.286E-01
1.879E-03 1.575E-03
0.000E+00 1.420E-02
0.000E+00 7.749E-03
0.000E+00 1.483E-02
1.304E-01 2.667E-02
3.333E-01 7.463E-02
1.429E-01 0.000E+00
1.667E-01 2.550E-02
4.651E-02 0.000E+00
4.632E-02 9.172E-02
2.985E-01 4.082E-02
2.222E-01 1.000E+00
1.452E-01 2.000E-01
4.898E-01 3.333E-01
0.000E+00 1.575E-02
8.065E-02 0.000E+00
9.450E-02 1.502E-01
1.806E-01 3.704E-02
3.077E-01 0.000E+00
1.429E-01 2.336E-01
5.217E-01 0.000E+00
0.000E+00 1.020E-01
1.111E-01 0.000E+00
2.041E-01 2.042E-01
2.581E-01 1.176E-01
3.000E-01 1.000E+00
1.449E-01 4.262E-01
9.083E-01 0.000E+00
5.236E-03 1.796E-02
1.087E-02 8.333E-02
9.025E-03 1.449E-02
0.000E+00 3.776E-02
6.818E-02 5.186E-02
1.111E-01 6.939E-02
1.618E-01 1.000E-01
0.000E+00 1.636E-01
0.000E+00 4.317E-02
7.500E-02 9.491E-02
1.780E-01 2.000E-01
1.326E-01 2.425E-01
8.736E-01 2.619E-01
3.714E-01 2.000E+00
2.297E-01 3.605E-01
6.147E-01 0.000E+00
0.000E+00 9.756E-02
1.707E-01 5.000E-01
1.585E-01 3.315E-01
6.061E-01 1.400E-01
1.698E-01 5.000E-01
2.169E-01 5.850E-01
1.190E+00 0.000E+00
0.000E+00 0.000E+00
1.000E+00 0.000E+00
8.333E-02 6.364E-01
4.286E-01 5.882E-02
2.500E-01 5.000E+00
4.211E-01 4.082E-01
2.144E+00 3.003E-03
9.709E-03 2.948E-02
0.000E+00 4.286E-01
1.879E-03 1.575E-03
0.000E+00 1.420E-02
0.000E+00 7.749E-03
0.000E+00 1.483E-02
1.304E-01 2.667E-02
3.333E-01 7.463E-02
1.429E-01 0.000E+00
1.667E-01 2.550E-02
4.651E-02 0.000E+00
4.632E-02 9.172E-02
2.985E-01 4.082E-02
2.222E-01 1.000E+00
1.452E-01 2.000E-01
4.898E-01 3.333E-01
0.000E+00 1.575E-02
8.065E-02 0.000E+00
9.450E-02 1.502E-01
1.806E-01 3.704E-02
3.077E-01 0.000E+00
1.429E-01 2.336E-01
5.217E-01 0.000E+00
0.000E+00 1.020E-01
1.111E-01 0.000E+00
2.041E-01 2.042E-01
2.581E-01 1.176E-01
3.000E-01 1.000E+00
1.449E-01 4.262E-01
9.083E-01 0.000E+00
5.236E-03 1.796E-02
1.087E-02 8.333E-02
9.025E-03 1.449E-02
0.000E+00 3.776E-02
6.818E-02 5.186E-02
1.111E-01 6.939E-02
1.618E-01 1.000E-01
0.000E+00 1.636E-01
0.000E+00 4.317E-02
7.500E-02 9.491E-02
1.780E-01 2.000E-01
1.326E-01 2.425E-01
8.736E-01 2.619E-01
3.714E-01 2.000E+00
2.297E-01 3.605E-01
6.147E-01 0.000E+00
0.000E+00 9.756E-02
1.707E-01 5.000E-01
1.585E-01 3.315E-01
6.061E-01 1.400E-01
1.698E-01 5.000E-01
2.169E-01 5.850E-01
1.190E+00 0.000E+00
0.000E+00 0.000E+00
1.000E+00 0.000E+00
8.333E-02 6.364E-01
4.286E-01 5.882E-02
2.500E-01 5.000E+00
4.211E-01 4.082E-01
2.144E+00 3.003E-03
9.709E-03 2.948E-02
0.000E+00 4.286E-01
1.879E-03 1.575E-03
0.000E+00 1.420E-02
0.000E+00 7.749E-03
0.000E+00 1.483E-02
1.304E-01 2.667E-02
3.333E-01 7.463E-02
1.429E-01 0.000E+00
1.667E-01 2.550E-02
4.651E-02 0.000E+00
4.632E-02 9.172E-02
2.985E-01 4.082E-02
2.222E-01 1.000E+00
1.452E-01 2.000E-01
4.898E-01 3.333E-01
0.000E+00 1.575E-02
8.065E-02 0.000E+00
9.450E-02 1.502E-01
1.806E-01 3.704E-02
3.077E-01 0.000E+00
1.429E-01 2.336E-01
5.217E-01 0.000E+00
0.000E+00 1.020E-01
1.111E-01 0.000E+00
2.041E-01 2.042E-01
2.581E-01 1.176E-01
3.000E-01 1.000E+00
1.449E-01 4.262E-01
9.083E-01 0.000E+00
5.236E-03 1.796E-02
1.087E-02 8.333E-02
9.025E-03 1.449E-02
0.000E+00 3.776E-02
6.818E-02 5.186E-02
1.111E-01 6.939E-02
1.618E-01 1.000E-01
0.000E+00 1.636E-01
0.000E+00 4.317E-02
7.500E-02 9.491E-02
1.780E-01 2.000E-01
1.326E-01 2.425E-01
8.736E-01 2.619E-01
3.714E-01 2.000E+00
2.297E-01 3.605E-01
6.147E-01 0.000E+00
0.000E+00 9.756E-02
1.707E-01 5.000E-01
1.585E-01 3.315E-01
6.061E-01 1.400E-01
1.698E-01 5.000E-01
2.169E-01 5.850E-01
1.190E+00 0.000E+00
0.000E+00 0.000E+00
1.000E+00 0.000E+00
8.333E-02 6.364E-01
4.286E-01 5.882E-02
2.500E-01 5.000E+00
4.211E-01 4.082E-01
2.144E+00 3.003E-03
9.709E-03 2.948E-02
0.000E+00 4.286E-01
1.879E-03 1.575E-03
0.000E+00 1.420E-02
0.000E+00 7.749E-03
0.000E+00 1.483E-02
1.304E-01 2.667E-02
3.333E-01 7.463E-02
1.429E-01 0.000E+00
1.667E-01 2.550E-02
4.651E-02 0.000E+00
4.632E-02 9.172E-02
2.985E-01 4.082E-02
2.222E-01 1.000E+00
1.452E-01 2.000E-01
4.898E-01 3.333E-01
0.000E+00 1.575E-02
8.065E-02 0.000E+00
9.450E-02 1.502E-01
1.806E-01 3.704E-02
3.077E-01 0.000E+00
1.429E-01 2.336E-01
5.217E-01 0.000E+00
0.000E+00 1.020E-01
1.111E-01 0.000E+00
2.041E-01 2.042E-01
2.581E-01 1.176E-01
3.000E-01 1.000E+00
1.449E-01 4.262E-01
9.083E-01 0.000E+00
5.236E-03 1.796E-02
1.087E-02 8.333E-02
9.025E-03 1.449E-02
0.000E+00 3.776E-02
6.818E-02 5.186E-02
1.111E-01 6.939E-02
1.618E-01 1.000E-01
0.000E+00 1.636E-01
0.000E+00 4.317E-02
7.500E-02 9.491E-02
1.780E-01 2.000E-01
1.326E-01 2.425E-01
8.736E-01 2.619E-01
3.714E-01 2.000E+00
2.297E-01 3.605E-01
6.147E-01 0.000E+00
0.000E+00 9.756E-02
1.707E-01 5.000E-01
1.585E-01 3.315E-01
6.061E-01 1.400E-01
1.698E-01 5.000E-01
2.169E-01 5.850E-01
1.190E+00 0.000E+00
0.000E+00 0.000E+00
1.000E+00 0.000E+00
8.333E-02 6.364E-01
4.286E-01 5.882E-02
2.500E-01 5.000E+00
4.211E-01 4.082E-01
2.144E+00 3.003E-03
9.709E-03 2.948E-02
0.000E+00 4.286E-01
1.879E-03 1.575E-03
0.000E+00 1.420E-02
0.000E+00 7.749E-03
0.000E+00 1.483E-02
1.304E-01 2.667E-02
3.333E-01 7.463E-02
1.429E-01 0.000E+00
1.667E-01 2.550E-02
4.651E-02 0.000E+00
4.632E-02 9.172E-02
2.985E-01 4.082E-02
2.222E-01 1.000E+00
1.452E-01 2.000E-01
4.898E-01 3.333E-01
0.000E+00 1.575E-02
8.065E-02 0.000E+00
9.450E-02 1.502E-01
1.806E-01 3.704E-02
3.077E-01 0.000E+00
1.429E-01 2.336E-01
5.217E-01 0.000E+00
0.000E+00 1.020E-01
1.111E-01 0.000E+00
2.041E-01 2.042E-01
2.581E-01 1.176E-01
3.000E-01 1.000E+00
1.449E-01 4.262E-01
9.083E-01 0.000E+00
5.236E-03 1.796E-02
1.087E-02 8.333E-02
9.025E-03 1.449E-02
0.000E+00 3.776E-02
6.818E-02 5.186E-02
1.111E-01 6.939E-02
1.618E-01 1.000E-01
0.000E+00 1.636E-01
0.000E+00 4.317E-02
7.500E-02 9.491E-02
1.780E-01 2.000E-01
1.326E-01 2.425E-01
8.736E-01 2.619E-01
3.714E-01 2.000E+00
2.297E-01 3.605E-01
6.147E-01 0.000E+00
0.000E+00 9.756E-02
1.707E-01 5.000E-01
1.585E-01 3.315E-01
6.061E-01 1.400E-01
1.698E-01 5.000E-01
2.169E-01 5.850E-01
1.190E+00 0.000E+00
0.000E+00 0.000E+00
1.000E+00 0.000E+00
8.333E-02 6.364E-01
4.286E-01 5.882E-02
2.500E-01 5.000E+00
4.211E-01 4.082E-01
2.144E+00 3.003E-03
9.709E-03 2.948E-02
0.000E+00 4.286E-01
1.879E-03 1.575E-03
0.000E+00 1.420E-02
0.000E+00 7.749E-03
0.000E+00 1.483E-02
1.304E-01 2.667E-02
3.333E-01 7.463E-02
1.429E-01 0.000E+00
1.667E-01 2.550E-02
4.651E-02 0.000E+00
4.632E-02 9.172E-02
2.985E-01 4.082E-02
2.222E-01 1.000E+00
1.452E-01 2.000E-01
4.898E-01 3.333E-01
0.000E+00 1.575E-02
8.065E-02 0.000E+00
9.450E-02 1.502E-01
1.806E-01 3.704E-02
3.077E-01 0.000E+00
1.429E-01 2.336E-01
5.217E-01 0.000E+00
0.000E+00 1.020E-01
1.111E-01 0.000E+00
2.041E-01 2.042E-01
2.581E-01 1.176E-01
3.000E-01 1.000E+00
1.449E-01 4.262E-01
9.083E-01 0.000E+00
5.236E-03 1.796E-02
1.087E-02 8.333E-02
9.025E-03 1.449E-02
0.000E+00 3.776E-02
6.818E-02 5.186E-02
1.111E-01 6.939E-02
1.618E-01 1.000E-01
0.000E+00 1.636E-01
0.000E+00 4.317E-02
7.500E-02 9.491E-02
1.780E-01 2.000E-01
1.326E-01 2.425E-01
8.736E-01 2.619E-01
3.714E-01 2.000E+00
2.297E-01 3.605E-01
6.147E-01 0.000E+00
0.000E+00 9.756E-02
1.707E-01 5.000E-01
1.585E-01 3.315E-01
6.061E-01 1.400E-01
1.698E-01 5.000E-01
2.169E-01 5.850E-01
1.190E+00 0.000E+00
0.000E+00 0.000E+00
1.000E+00 0.000E+00
8.333E-02 6.364E-01
4.286E-01 5.882E-02
2.500E-01 5.000E+00
4.211E-01 4.082E-01
2.144E+00 3.003E-03
9.709E-03 2.948E-02
0.000E+00 4.286E-01
1.879E-03 1.575E-03
0.000E+00 1.420E-02
0.000E+00 7.749E-03
0.000E+00 1.483E-02
1.304E-01 2.667E-02
3.333E-01 7.463E-02
1.429E-01 0.000E+00
1.667E-01 2.550E-02
4.651E-02 0.000E+00
4.632E-02 9.172E-02
2.985E-01 4.082E-02
2.222E-01 1.000E+00
1.452E-01 2.000E-01
4.898E-01 3.333E-01
0.000E+00 1.575E-02
8.065E-02 0.000E+00
9.450E-02 1.502E-01
1.806E-01 3.704E-02
3.077E-01 0.000E+00
1.429E-01 2.336E-01
5.217E-01 0.000E+00
0.000E+00 1.020E-01
1.111E-01 0.000E+00
2.041E-01 2.042E-01
2.581E-01 1.176E-01
3.000E-01 1.000E+00
1.449E-01 4.262E-01
9.083E-01 0.000E+00
5.236E-03 1.796E-02
1.087E-02 8.333E-02
9.025E-03 1.449E-02
0.000E+00 3.776E-02
6.818E-02 5.186E-02
1.111E-01 6.939E-02
1.618E-01 1.000E-01
0.000E+00 1.636E-01
0.000E+00 4.317E-02
7.500E-02 9.491E-02
1.780E-01 2.000E-01
1.326E-01 2.425E-01
8.736E-01 2.619E-01
3.714E-01 2.000E+00
2.297E-01 3.605E-01
6.147E-01 0.000E+00
0.000E+00 9.756E-02
1.707E-01 5.000E-01
1.585E-01 3.315E-01
6.061E-01 1.400E-01
1.698E-01 5.000E-01
2.169E-01 5.850E-01
1.190E+00 0.000E+00
0.000E+00 0.000E+00
1.000E+00 0.000E+00
8.333E-02 6.364E-01
4.286E-01 5.882E-02
2.500E-01 5.000E+00
4.211E-01 4.082E-01
2.144E+00 3.003E-03
9.709E-03 2.948E-02
0.000E+00 4.286E-01
1.879E-03 1.575E-03
0.000E+00 1.420E-02
0.000E+00 7.749E-03
0.000E+00 1.483E-02
1.304E-01 2.667E-02
3.333E-01 7.463E-02
1.429E-01 0.000E+00
1.667E-01 2.550E-02
4.651E-02 0.000E+00
4.632E-02 9.172E-02
2.985E-01 4.082E-02
2.222E-01 1.000E+00
1.452E-01 2.000E-01
4.898E-01 3.333E-01
0.000E+00 1.575E-02
8.065E-02 0.000E+00
9.450E-02 1.502E-01
1.806E-01 3.704E-02
3.077E-01 0.000E+00
1.429E-01 2.336E-01
5.217E-01 0.000E+00
0.000E+00 1.020E-01
1.111E-01 0.000E+00
2.041E-01 2.042E-01
2.581E-01 1.176E-01
3.000E-01 1.000E+00
1.449E-01 4.262E-01
9.083E-01 0.000E+00
5.236E-03 1.796E-02
1.087E-02 8.333E-02
9.025E-03 1.449E-02
0.000E+00 3.776E-02
6.818E-02 5.186E-02
1.111E-01 6.939E-02
1.618E-01 1.000E-01
0.000E+00 1.636E-01
0.000E+00 4.317E-02
7.500E-02 9.491E-02
1.780E-01 2.000E-01
1.326E-01 2.425E-01
8.736E-01 2.619E-01
3.714E-01 2.000E+00
2.297E-01 3.605E-01
6.147E-01 0.000E+00
0.000E+00 9.756E-02
1.707E-01 5.000E-01
1.585E-01 3.315E-01
6.061E-01 1.400E-01
1.698E-01 5.000E-01
2.169E-01 5.850E-01
1.190E+00 0.000E+00
0.000E+00 0.000E+00
1.000E+00 0.000E+00
8.333E-02 6.364E-01
4.286E-01 5.882E-02
2.500E-01 5.000E+00
4.211E-01 4.082E-01
2.144E+00 3.003E-03
9.709E-03 2.948E-02
0.000E+00 4.286E-01
1.879E-03 1.575E-03
0.000E+00 1.420E-02
0.000E+00 7.749E-03
0.000E+00 1.483E-02
1.304E-01 2.667E-02
3.333E-01 7.463E-02
1.429E-01 0.000E+00
1.667E-01 2.550E-02
4.651E-02 0.000E+00
4.632E-02 9.172E-02
2.985E-01 4.082E-02
2.222E-01 1.000E+00
1.452E-01 2.000E-01
4.898E-01 3.333E-01
0.000E+00 1.575E-02
8.065E-02 0.000E+00
9.450E-02 1.502E-01
1.806E-01 3.704E-02
3.077E-01 0.000E+00
1.429E-01 2.336E-01
5.217E-01 0.000E+00
0.000E+00 1.020E-01
1.111E-01 0.000E+00
2.041E-01 2.042E-01
2.581E-01 1.176E-01
3.000E-01 1.000E+00
1.449E-01 4.262E-01
9.083E-01 0.000E+00
5.236E-03 1.796E-02
1.087E-02 8.333E-02
9.025E-03 1.449E-02
0.000E+00 3.776E-02
6.818E-02 5.186E-02
1.111E-01 6.939E-02
1.618E-01 1.000E-01
0.000E+00 1.636E-01
0.000E+00 4.317E-02
7.500E-02 9.491E-02
1.780E-01 2.000E-01
1.326E-01 2.425E-01
8.736E-01 2.619E-01
3.714E-01 2.000E+00
2.297E-01 3.605E-01
6.147E-01 0.000E+00
0.000E+00 9.756E-02
1.707E-01 5.000E-01
1.585E-01 3.315E-01
6.061E-01 1.400E-01
1.698E-01 5.000E-01
2.169E-01 5.850E-01
1.190E+00 0.000E+00
0.000E+00 0.000E+00
1.000E+00 0.000E+00
8.333E-02 6.364E-01
4.286E-01 5.882E-02
2.500E-01 5.000E+00
4.211E-01 4.082E-01
2.144E+00 3.003E-03
9.709E-03 2.948E-02
0.000E+00 4.286E-01
1.879E-03 1.575E-03
0.000E+00 1.420E-02
0.000E+00 7.749E-03
0.000E+00 1.483E-02
1.304E-01 2.667E-02
3.333E-01 7.463E-02
1.429E-01 0.000E+00
1.667E-01 2.550E-02
4.651E-02 0.000E+00
4.632E-02 9.172E-02
2.985E-01 4.082E-02
2.222E-01 1.000E+00
1.452E-01 2.000E-01
4.898E-01 3.333E-01
0.000E+00 1.575E-02
8.065E-02 0.000E+00
9.450E-02 1.502E-01
1.806E-01 3.704E-02
3.077E-01 0.000E+00
1.429E-01 2.336E-01
5.217E-01 0.000E+00
0.000E+00 1.020E-01
1.111E-01 0.000E+00
2.041E-01 2.042E-01
2.581E-01 1.176E-01
3.000E-01 1.000E+00
1.449E-01 4.262E-01
9.083E-01 0.000E+00
5.236E-03 1.796E-02
1.087E-02 8.333E-02
9.025E-03 1.449E-02
0.000E+00 3.776E-02
6.818E-02 5.186E-02
1.111E-01 6.939E-02
1.618E-01 1.000E-01
0.000E+00 1.636E-01
0.000E+00 4.317E-02
7.500E-02 9.491E-02
1.780E-01 2.000E-01
1.326E-01 2.425E-01
8.736E-01 2.619E-01
3.714E-01 2.000E+00
2.297E-01 3.605E-01
6.147E-01 0.000E+00
0.000E+00 9.756E-02
1.707E-01 5.000E-01
1.585E-01 3.315E-01
6.061E-01 1.400E-01
1.698E-01 5.000E-01
2.169E-01 5.850E-01
1.190E+00 0.000E+00
0.000E+00 0.000E+00
1.000E+00 0.000E+00
8.333E-02 6.364E-01
4.286E-01 5.882E-02
2.500E-01 5.000E+00
4.211E-01 4.082E-01
2.144E+00 3.003E-03
9.709E-03 2.948E-02
0.000E+00 4.286E-01
1.879E-03 1.575E-03
0.000E+00 1.420E-02
0.000E+00 7.749E-03
0.000E+00 1.483E-02
1.304E-01 2.667E-02
3.333E-01 7.463E-02
1.429E-01 0.000E+00
1.667E-01 2.550E-02
4.651E-02 0.000E+00
4.632E-02 9.172E-02
2.985E-01 4.082E-02
2.222E-01 1.000E+00
1.452E-01 2.000E-01
4.898E-01 3.333E-01
0.000E+00 1.575E-02
8.065E-02 0.000E+00
9.450E-02 1.502E-01
1.806E-01 3.704E-02
3.077E-01 0.000E+00
1.429E-01 2.336E-01
5.217E-01 0.000E+00
0.000E+00 1.020E-01
1.111E-01 0.000E+00
2.041E-01 2.042E-01
2.581E-01 1.176E-01
3.000E-01 1.000E+00
1.449E-01 4.262E-01
9.083E-01 0.000E+00
5.236E-03 1.796E-02
1.087E-02 8.333E-02
9.025E-03 1.449E-02
0.000E+00 3.776E-02
6.818E-02 5.186E-02
1.111E-01 6.939E-02
1.618E-01 1.000E-01
0.000E+00 1.636E-01
0.000E+00 4.317E-02
7.500E-02 9.491E-02
1.780E-01 2.000E-01
1.326E-01 2.425E-01
8.736E-01 2.619E-01
3.714E-01 2.000E+00
2.297E-01 3.605E-01
6.147E-01 0.000E+00
0.000E+00 9.756E-02
1.707E-01 5.000E-01
1.585E-01 3.315E-01
6.061E-01 1.400E-01
1.698E-01 5.000E-01
2.169E-01 5.850E-01
1.190E+00 0.000E+00
0.000E+00 0.000E+00
1.000E+00 0.000E+00
8.333E-02 6.364E-01
4.286E-01 5.882E-02
2.500E-01 5.000E+00
4.211E-01 4.082E-01
2.144E+00 3.003E-03
9.709E-03 2.948E-02
0.000E+00 4.286E-01
1.879E-03 1.575E-03
0.000E+00 1.420E-02
0.000E+00 7.749E-03
0.000E+00 1.483E-02
1.304E-01 2.667E-02
3.333E-01 7.463E-02
1.429E-01 0.000E+00
1.667E-01 2.550E-02
4.651E-02 0.000E+00
4.632E-02 9.172E-02
2.985E-01 4.082E-02
2.222E-01 1.000E+00
1.452E-01 2.000E-01
4.898E-01 3.333E-01
0.000E+00 1.575E-02
8.065E-02 0.000E+00
9.450E-02 1.502E-01
1.806E-01 3.704E-02
3.077E-01 0.000E+00
1.429E-01 2.336E-01
5.217E-01 0.000E+00
0.000E+00 1.020E-01
1.111E-01 0.000E+00
2.041E-01 2.042E-01
2.581E-01 1.176E-01
3.000E-01 1.000E+00
1.449E-01 4.262E-01
9.083E-01 0.000E+00
5.236E-03 1.796E-02
1.087E-02 8.333E-02
9.025E-03 1.449E-02
0.000E+00 3.776E-02
6.818E-02 5.186E-02
1.111E-01 6.939E-02
1.618E-01 1.000E-01
0.000E+00 1.636E-01
0.000E+00 4.317E-02
7.500E-02 9.491E-02
1.780E-01 2.000E-01
1.326E-01 2.425E-01
8.736E-01 2.619E-01
3.714E-01 2.000E+00
2.297E-01 3.605E-01
6.147E-01 0.000E+00
0.000E+00 9.756E-02
1.707E-01 5.000E-01
1.585E-01 3.315E-01
6.061E-01 1.400E-01
1.698E-01 5.000E-01
2.169E-01 5.850E-01
1.190E+00 0.000E+00
0.000E+00 0.000E+00
1.000E+00 0.000E+00
8.333E-02 6.364E-01
4.286E-01 5.882E-02
2.500E-01 5.000E+00
4.211E-01 4.082E-01
2.144E+00 3.003E-03
9.709E-03 2.948E-02
0.000E+00 4.286E-01
