#CLS CYCLE21 CYCLE22 CYCLE23 CYCLE24 CYCLE25
AXX  1559  4770  2129  1175  1108
BXO  1252  4452  2540  1411  1035
BXI     7    27     7    12    39
CRO   283   693   704   724   715
CRI    11    39     1    30    44
CSO   540  1440  2323   910   752
CSI     7    46     7    36    45
CAO   445  1610  1214   814   807
CAI     7    82    23    89   136
CHO    77   140    75    46    40
CHI     3     9     3     2     3
CKO    86   215   134    51    55
CKI     8    37     7     7     9
DRO    82   133   150   162   139
DRI    10    30     6    21    40
DSO   347   597  1647   624   432
DSI    48   104    86   159   118
DSC     2     5     5    22     5
DAO   546  1704  2051   773   694
DAI    98   482   447   503   569
DAC     0    18    67   149    87
DHO    37    64    49    56    42
DHI    26    25     9    25    35
DHC     1     0     3    18     4
DKO   120   268   186    74    74
DKI   128   228   175    73   147
DKC    28    66    98   122   109
ERO     5     6     3     4     2
ERI     2     0     0     1     1
ESO    65   155   254   103    82
ESI    16    61    62    72    41
ESC     0     0     6    14     4
EAO   115   499   582    88    82
EAI    54   329   446   133   181
EAC     2     9    72    99    33
EHO    38    60    27    37    50
EHI    13    36    26    36    53
EHC     0     1     4    18    18
EKO   106   234   154    56    83
EKI   173   461   321   105   200
EKC    22   115   230   277   274
FRO     0     0     1     0     0
FRI     0     1     0     0     0
FSO     8    33    49    17     6
FSI     4    18    18     8     4
FSC     0     1     3     3     0
FAO    23    95    98     6    12
FAI     7   106   142    12    11
FAC     2     2    31     9     7
FHO     9    31    17     9    17
FHI    10    31    10     5     4
FHC     0     0    10    13     1
FKO    30   147    69    26    19
FKI    73   286   183    16    49
FKC    43   127   218   147   104
HRX    88   269   393   333   333
HSX   762  1989  2865  1715  1854
HAX   195   842   835   536   407
HHX   117   132    92    68    50
HKX    62   128    96    41    14
